Dynamical matrix file
                                                                           
  1    2  2 10.2693000  0.0000000  0.0000000  0.0000000  0.0000000  0.0000000
           1  'Si  '    25593.3543190742     
    1    1      0.0000000000      0.0000000000      0.0000000000
    2    1      0.2500000000      0.2500000000      0.2500000000

     Dynamical  Matrix in cartesian axes

     q = (   -0.250000000   0.250000000  -0.250000000 ) 

    1    1
  0.27693436 -0.00000000   -0.01153976  0.00000000    0.01153976 -0.00000000
 -0.01153976  0.00000000    0.27693436 -0.00000000   -0.01153976  0.00000000
  0.01153976 -0.00000000   -0.01153976  0.00000000    0.27693436 -0.00000000
    1    2
 -0.20592107 -0.06018240   -0.04129666  0.04268374    0.04129666 -0.04268374
 -0.04129666  0.04268374   -0.20592107 -0.06018240   -0.04129666  0.04268374
  0.04129666 -0.04268374   -0.04129666  0.04268374   -0.20592107 -0.06018240
    2    1
 -0.20592107  0.06018240   -0.04129666 -0.04268374    0.04129666  0.04268374
 -0.04129666 -0.04268374   -0.20592107  0.06018240   -0.04129666 -0.04268374
  0.04129666  0.04268374   -0.04129666 -0.04268374   -0.20592107  0.06018240
    2    2
  0.27693436  0.00000000   -0.01153976 -0.00000000    0.01153976  0.00000000
 -0.01153976 -0.00000000    0.27693436  0.00000000   -0.01153976 -0.00000000
  0.01153976  0.00000000   -0.01153976 -0.00000000    0.27693436  0.00000000

     Dynamical  Matrix in cartesian axes

     q = (    0.250000000  -0.250000000  -0.250000000 ) 

    1    1
  0.27693436 -0.00000000   -0.01153976  0.00000000   -0.01153976  0.00000000
 -0.01153976  0.00000000    0.27693436 -0.00000000    0.01153976 -0.00000000
 -0.01153976  0.00000000    0.01153976 -0.00000000    0.27693436 -0.00000000
    1    2
 -0.20592107 -0.06018240   -0.04129666  0.04268374   -0.04129666  0.04268374
 -0.04129666  0.04268374   -0.20592107 -0.06018240    0.04129666 -0.04268374
 -0.04129666  0.04268374    0.04129666 -0.04268374   -0.20592107 -0.06018240
    2    1
 -0.20592107  0.06018240   -0.04129666 -0.04268374   -0.04129666 -0.04268374
 -0.04129666 -0.04268374   -0.20592107  0.06018240    0.04129666  0.04268374
 -0.04129666 -0.04268374    0.04129666  0.04268374   -0.20592107  0.06018240
    2    2
  0.27693436  0.00000000   -0.01153976 -0.00000000   -0.01153976 -0.00000000
 -0.01153976 -0.00000000    0.27693436  0.00000000    0.01153976  0.00000000
 -0.01153976 -0.00000000    0.01153976  0.00000000    0.27693436  0.00000000

     Dynamical  Matrix in cartesian axes

     q = (    0.250000000  -0.250000000   0.250000000 ) 

    1    1
  0.27693436  0.00000000   -0.01153976 -0.00000000    0.01153976  0.00000000
 -0.01153976 -0.00000000    0.27693436  0.00000000   -0.01153976 -0.00000000
  0.01153976  0.00000000   -0.01153976 -0.00000000    0.27693436  0.00000000
    1    2
 -0.20592107  0.06018240   -0.04129666 -0.04268374    0.04129666  0.04268374
 -0.04129666 -0.04268374   -0.20592107  0.06018240   -0.04129666 -0.04268374
  0.04129666  0.04268374   -0.04129666 -0.04268374   -0.20592107  0.06018240
    2    1
 -0.20592107 -0.06018240   -0.04129666  0.04268374    0.04129666 -0.04268374
 -0.04129666  0.04268374   -0.20592107 -0.06018240   -0.04129666  0.04268374
  0.04129666 -0.04268374   -0.04129666  0.04268374   -0.20592107 -0.06018240
    2    2
  0.27693436 -0.00000000   -0.01153976  0.00000000    0.01153976 -0.00000000
 -0.01153976  0.00000000    0.27693436 -0.00000000   -0.01153976  0.00000000
  0.01153976 -0.00000000   -0.01153976  0.00000000    0.27693436 -0.00000000

     Dynamical  Matrix in cartesian axes

     q = (    0.250000000   0.250000000   0.250000000 ) 

    1    1
  0.27693436 -0.00000000    0.01153976 -0.00000000    0.01153976 -0.00000000
  0.01153976 -0.00000000    0.27693436 -0.00000000    0.01153976 -0.00000000
  0.01153976 -0.00000000    0.01153976 -0.00000000    0.27693436 -0.00000000
    1    2
 -0.06018240  0.20592107   -0.04268374 -0.04129666   -0.04268374 -0.04129666
 -0.04268374 -0.04129666   -0.06018240  0.20592107   -0.04268374 -0.04129666
 -0.04268374 -0.04129666   -0.04268374 -0.04129666   -0.06018240  0.20592107
    2    1
 -0.06018240 -0.20592107   -0.04268374  0.04129666   -0.04268374  0.04129666
 -0.04268374  0.04129666   -0.06018240 -0.20592107   -0.04268374  0.04129666
 -0.04268374  0.04129666   -0.04268374  0.04129666   -0.06018240 -0.20592107
    2    2
  0.27693436  0.00000000    0.01153976  0.00000000    0.01153976  0.00000000
  0.01153976  0.00000000    0.27693436  0.00000000    0.01153976  0.00000000
  0.01153976  0.00000000    0.01153976  0.00000000    0.27693436  0.00000000

     Dynamical  Matrix in cartesian axes

     q = (   -0.250000000  -0.250000000  -0.250000000 ) 

    1    1
  0.27693436  0.00000000    0.01153976  0.00000000    0.01153976  0.00000000
  0.01153976  0.00000000    0.27693436  0.00000000    0.01153976  0.00000000
  0.01153976  0.00000000    0.01153976  0.00000000    0.27693436  0.00000000
    1    2
 -0.06018240 -0.20592107   -0.04268374  0.04129666   -0.04268374  0.04129666
 -0.04268374  0.04129666   -0.06018240 -0.20592107   -0.04268374  0.04129666
 -0.04268374  0.04129666   -0.04268374  0.04129666   -0.06018240 -0.20592107
    2    1
 -0.06018240  0.20592107   -0.04268374 -0.04129666   -0.04268374 -0.04129666
 -0.04268374 -0.04129666   -0.06018240  0.20592107   -0.04268374 -0.04129666
 -0.04268374 -0.04129666   -0.04268374 -0.04129666   -0.06018240  0.20592107
    2    2
  0.27693436 -0.00000000    0.01153976 -0.00000000    0.01153976 -0.00000000
  0.01153976 -0.00000000    0.27693436 -0.00000000    0.01153976 -0.00000000
  0.01153976 -0.00000000    0.01153976 -0.00000000    0.27693436 -0.00000000

     Dynamical  Matrix in cartesian axes

     q = (   -0.250000000  -0.250000000   0.250000000 ) 

    1    1
  0.27693436 -0.00000000    0.01153976 -0.00000000   -0.01153976  0.00000000
  0.01153976 -0.00000000    0.27693436 -0.00000000   -0.01153976  0.00000000
 -0.01153976  0.00000000   -0.01153976  0.00000000    0.27693436 -0.00000000
    1    2
 -0.20592107 -0.06018240    0.04129666 -0.04268374   -0.04129666  0.04268374
  0.04129666 -0.04268374   -0.20592107 -0.06018240   -0.04129666  0.04268374
 -0.04129666  0.04268374   -0.04129666  0.04268374   -0.20592107 -0.06018240
    2    1
 -0.20592107  0.06018240    0.04129666  0.04268374   -0.04129666 -0.04268374
  0.04129666  0.04268374   -0.20592107  0.06018240   -0.04129666 -0.04268374
 -0.04129666 -0.04268374   -0.04129666 -0.04268374   -0.20592107  0.06018240
    2    2
  0.27693436  0.00000000    0.01153976  0.00000000   -0.01153976 -0.00000000
  0.01153976  0.00000000    0.27693436  0.00000000   -0.01153976 -0.00000000
 -0.01153976 -0.00000000   -0.01153976 -0.00000000    0.27693436  0.00000000

     Dynamical  Matrix in cartesian axes

     q = (   -0.250000000   0.250000000   0.250000000 ) 

    1    1
  0.27693436  0.00000000   -0.01153976 -0.00000000   -0.01153976 -0.00000000
 -0.01153976 -0.00000000    0.27693436  0.00000000    0.01153976  0.00000000
 -0.01153976 -0.00000000    0.01153976  0.00000000    0.27693436  0.00000000
    1    2
 -0.20592107  0.06018240   -0.04129666 -0.04268374   -0.04129666 -0.04268374
 -0.04129666 -0.04268374   -0.20592107  0.06018240    0.04129666  0.04268374
 -0.04129666 -0.04268374    0.04129666  0.04268374   -0.20592107  0.06018240
    2    1
 -0.20592107 -0.06018240   -0.04129666  0.04268374   -0.04129666  0.04268374
 -0.04129666  0.04268374   -0.20592107 -0.06018240    0.04129666 -0.04268374
 -0.04129666  0.04268374    0.04129666 -0.04268374   -0.20592107 -0.06018240
    2    2
  0.27693436 -0.00000000   -0.01153976  0.00000000   -0.01153976  0.00000000
 -0.01153976  0.00000000    0.27693436 -0.00000000    0.01153976 -0.00000000
 -0.01153976  0.00000000    0.01153976 -0.00000000    0.27693436 -0.00000000

     Dynamical  Matrix in cartesian axes

     q = (    0.250000000   0.250000000  -0.250000000 ) 

    1    1
  0.27693436  0.00000000    0.01153976  0.00000000   -0.01153976 -0.00000000
  0.01153976  0.00000000    0.27693436  0.00000000   -0.01153976 -0.00000000
 -0.01153976 -0.00000000   -0.01153976 -0.00000000    0.27693436  0.00000000
    1    2
 -0.20592107  0.06018240    0.04129666  0.04268374   -0.04129666 -0.04268374
  0.04129666  0.04268374   -0.20592107  0.06018240   -0.04129666 -0.04268374
 -0.04129666 -0.04268374   -0.04129666 -0.04268374   -0.20592107  0.06018240
    2    1
 -0.20592107 -0.06018240    0.04129666 -0.04268374   -0.04129666  0.04268374
  0.04129666 -0.04268374   -0.20592107 -0.06018240   -0.04129666  0.04268374
 -0.04129666  0.04268374   -0.04129666  0.04268374   -0.20592107 -0.06018240
    2    2
  0.27693436 -0.00000000    0.01153976 -0.00000000   -0.01153976  0.00000000
  0.01153976 -0.00000000    0.27693436 -0.00000000   -0.01153976  0.00000000
 -0.01153976  0.00000000   -0.01153976  0.00000000    0.27693436 -0.00000000

     Diagonalizing the dynamical matrix

     q = (   -0.250000000   0.250000000  -0.250000000 ) 

 **************************************************************************
     omega( 1) =       2.724917 [THz] =      90.893446 [cm-1]
 ( -0.396117  0.356796 -0.212427  0.369798  0.183691  0.013002 ) 
 ( -0.369937  0.383874 -0.185787  0.383874  0.184150  0.000000 ) 
     omega( 2) =       2.724917 [THz] =      90.893446 [cm-1]
 ( -0.170516 -0.141580  0.375313 -0.102945  0.545829  0.038635 ) 
 ( -0.180087 -0.129187  0.367108 -0.129187  0.547195  0.000000 ) 
     omega( 3) =       6.796779 [THz] =     226.716140 [cm-1]
 ( -0.263917 -0.311472  0.263917  0.311472 -0.263917 -0.311472 ) 
 ( -0.408248 -0.000000  0.408248 -0.000000 -0.408248  0.000000 ) 
     omega( 4) =      14.406487 [THz] =     480.548681 [cm-1]
 ( -0.263917 -0.311472  0.263917  0.311472 -0.263917 -0.311472 ) 
 (  0.408248  0.000000 -0.408248 -0.000000  0.408248  0.000000 ) 
     omega( 5) =      14.732207 [THz] =     491.413524 [cm-1]
 (  0.013861  0.499796  0.014101  0.499813  0.000240  0.000017 ) 
 ( -0.049114 -0.497570 -0.049355 -0.497570 -0.000241  0.000000 ) 
     omega( 6) =      14.732207 [THz] =     491.413524 [cm-1]
 (  0.287960  0.020590 -0.287949 -0.020174 -0.575909 -0.040764 ) 
 ( -0.288696 -0.000207  0.288655 -0.000207  0.577350  0.000000 ) 
 **************************************************************************
