Dynamical matrix file
                                                                           
  1    2  2 10.2693000  0.0000000  0.0000000  0.0000000  0.0000000  0.0000000
           1  'Si  '    25593.3543190742     
    1    1      0.0000000000      0.0000000000      0.0000000000
    2    1      0.2500000000      0.2500000000      0.2500000000

     Dynamical  Matrix in cartesian axes

     q = (    0.750000000  -0.250000000   0.750000000 ) 

    1    1
  0.25296740  0.00000000   -0.00626348  0.00782889    0.00612497  0.00000000
 -0.00626348 -0.00782889    0.30412902 -0.00000000   -0.00626348 -0.00782889
  0.00612497  0.00000000   -0.00626348  0.00782889    0.25296740  0.00000000
    1    2
 -0.06219275  0.06346065   -0.04389823  0.04646352   -0.04431578 -0.14494497
 -0.04389823  0.04646352   -0.06041262  0.08214514   -0.04389823  0.04646352
 -0.04431578 -0.14494497   -0.04389823  0.04646352   -0.06219275  0.06346065
    2    1
 -0.06219275 -0.06346065   -0.04389823 -0.04646352   -0.04431578  0.14494497
 -0.04389823 -0.04646352   -0.06041262 -0.08214514   -0.04389823 -0.04646352
 -0.04431578  0.14494497   -0.04389823 -0.04646352   -0.06219275 -0.06346065
    2    2
  0.25296740 -0.00000000   -0.00626348 -0.00782889    0.00612497 -0.00000000
 -0.00626348  0.00782889    0.30412902  0.00000000   -0.00626348  0.00782889
  0.00612497 -0.00000000   -0.00626348 -0.00782889    0.25296740 -0.00000000

     Dynamical  Matrix in cartesian axes

     q = (    0.750000000  -0.250000000  -0.750000000 ) 

    1    1
  0.25296740 -0.00000000   -0.00626348 -0.00782889   -0.00612497  0.00000000
 -0.00626348  0.00782889    0.30412902  0.00000000    0.00626348 -0.00782889
 -0.00612497  0.00000000    0.00626348  0.00782889    0.25296740 -0.00000000
    1    2
 -0.06346065  0.06219275   -0.04646352  0.04389823   -0.14494497 -0.04431578
 -0.04646352  0.04389823   -0.08214514  0.06041262    0.04646352 -0.04389823
 -0.14494497 -0.04431578    0.04646352 -0.04389823   -0.06346065  0.06219275
    2    1
 -0.06346065 -0.06219275   -0.04646352 -0.04389823   -0.14494497  0.04431578
 -0.04646352 -0.04389823   -0.08214514 -0.06041262    0.04646352  0.04389823
 -0.14494497  0.04431578    0.04646352  0.04389823   -0.06346065 -0.06219275
    2    2
  0.25296740  0.00000000   -0.00626348  0.00782889   -0.00612497 -0.00000000
 -0.00626348 -0.00782889    0.30412902  0.00000000    0.00626348  0.00782889
 -0.00612497 -0.00000000    0.00626348 -0.00782889    0.25296740  0.00000000

     Dynamical  Matrix in cartesian axes

     q = (   -0.750000000  -0.250000000  -0.750000000 ) 

    1    1
  0.25296740  0.00000000    0.00626348 -0.00782889    0.00612497  0.00000000
  0.00626348  0.00782889    0.30412902 -0.00000000    0.00626348  0.00782889
  0.00612497  0.00000000    0.00626348 -0.00782889    0.25296740  0.00000000
    1    2
  0.06346065  0.06219275   -0.04646352 -0.04389823   -0.14494497  0.04431578
 -0.04646352 -0.04389823    0.08214514  0.06041262   -0.04646352 -0.04389823
 -0.14494497  0.04431578   -0.04646352 -0.04389823    0.06346065  0.06219275
    2    1
  0.06346065 -0.06219275   -0.04646352  0.04389823   -0.14494497 -0.04431578
 -0.04646352  0.04389823    0.08214514 -0.06041262   -0.04646352  0.04389823
 -0.14494497 -0.04431578   -0.04646352  0.04389823    0.06346065 -0.06219275
    2    2
  0.25296740 -0.00000000    0.00626348  0.00782889    0.00612497 -0.00000000
  0.00626348 -0.00782889    0.30412902  0.00000000    0.00626348 -0.00782889
  0.00612497 -0.00000000    0.00626348  0.00782889    0.25296740 -0.00000000

     Dynamical  Matrix in cartesian axes

     q = (   -0.750000000  -0.250000000   0.750000000 ) 

    1    1
  0.25296740 -0.00000000    0.00626348  0.00782889   -0.00612497  0.00000000
  0.00626348 -0.00782889    0.30412902  0.00000000   -0.00626348  0.00782889
 -0.00612497  0.00000000   -0.00626348 -0.00782889    0.25296740 -0.00000000
    1    2
 -0.06346065  0.06219275    0.04646352 -0.04389823   -0.14494497 -0.04431578
  0.04646352 -0.04389823   -0.08214514  0.06041262   -0.04646352  0.04389823
 -0.14494497 -0.04431578   -0.04646352  0.04389823   -0.06346065  0.06219275
    2    1
 -0.06346065 -0.06219275    0.04646352  0.04389823   -0.14494497  0.04431578
  0.04646352  0.04389823   -0.08214514 -0.06041262   -0.04646352 -0.04389823
 -0.14494497  0.04431578   -0.04646352 -0.04389823   -0.06346065 -0.06219275
    2    2
  0.25296740  0.00000000    0.00626348 -0.00782889   -0.00612497 -0.00000000
  0.00626348  0.00782889    0.30412902 -0.00000000   -0.00626348 -0.00782889
 -0.00612497 -0.00000000   -0.00626348  0.00782889    0.25296740  0.00000000

     Dynamical  Matrix in cartesian axes

     q = (   -0.750000000   0.250000000  -0.750000000 ) 

    1    1
  0.25296740 -0.00000000   -0.00626348 -0.00782889    0.00612497 -0.00000000
 -0.00626348  0.00782889    0.30412902  0.00000000   -0.00626348  0.00782889
  0.00612497 -0.00000000   -0.00626348 -0.00782889    0.25296740 -0.00000000
    1    2
 -0.06219275 -0.06346065   -0.04389823 -0.04646352   -0.04431578  0.14494497
 -0.04389823 -0.04646352   -0.06041262 -0.08214514   -0.04389823 -0.04646352
 -0.04431578  0.14494497   -0.04389823 -0.04646352   -0.06219275 -0.06346065
    2    1
 -0.06219275  0.06346065   -0.04389823  0.04646352   -0.04431578 -0.14494497
 -0.04389823  0.04646352   -0.06041262  0.08214514   -0.04389823  0.04646352
 -0.04431578 -0.14494497   -0.04389823  0.04646352   -0.06219275  0.06346065
    2    2
  0.25296740  0.00000000   -0.00626348  0.00782889    0.00612497  0.00000000
 -0.00626348 -0.00782889    0.30412902 -0.00000000   -0.00626348 -0.00782889
  0.00612497  0.00000000   -0.00626348  0.00782889    0.25296740  0.00000000

     Dynamical  Matrix in cartesian axes

     q = (   -0.250000000   0.750000000  -0.750000000 ) 

    1    1
  0.30412902  0.00000000   -0.00626348  0.00782889    0.00626348 -0.00782889
 -0.00626348 -0.00782889    0.25296740 -0.00000000   -0.00612497  0.00000000
  0.00626348  0.00782889   -0.00612497  0.00000000    0.25296740 -0.00000000
    1    2
 -0.08214514  0.06041262   -0.04646352  0.04389823    0.04646352 -0.04389823
 -0.04646352  0.04389823   -0.06346065  0.06219275   -0.14494497 -0.04431578
  0.04646352 -0.04389823   -0.14494497 -0.04431578   -0.06346065  0.06219275
    2    1
 -0.08214514 -0.06041262   -0.04646352 -0.04389823    0.04646352  0.04389823
 -0.04646352 -0.04389823   -0.06346065 -0.06219275   -0.14494497  0.04431578
  0.04646352  0.04389823   -0.14494497  0.04431578   -0.06346065 -0.06219275
    2    2
  0.30412902 -0.00000000   -0.00626348 -0.00782889    0.00626348  0.00782889
 -0.00626348  0.00782889    0.25296740  0.00000000   -0.00612497 -0.00000000
  0.00626348 -0.00782889   -0.00612497 -0.00000000    0.25296740  0.00000000

     Dynamical  Matrix in cartesian axes

     q = (   -0.750000000   0.750000000  -0.250000000 ) 

    1    1
  0.25296740 -0.00000000   -0.00612497  0.00000000    0.00626348  0.00782889
 -0.00612497  0.00000000    0.25296740 -0.00000000   -0.00626348 -0.00782889
  0.00626348 -0.00782889   -0.00626348  0.00782889    0.30412902  0.00000000
    1    2
 -0.06346065  0.06219275   -0.14494497 -0.04431578    0.04646352 -0.04389823
 -0.14494497 -0.04431578   -0.06346065  0.06219275   -0.04646352  0.04389823
  0.04646352 -0.04389823   -0.04646352  0.04389823   -0.08214514  0.06041262
    2    1
 -0.06346065 -0.06219275   -0.14494497  0.04431578    0.04646352  0.04389823
 -0.14494497  0.04431578   -0.06346065 -0.06219275   -0.04646352 -0.04389823
  0.04646352  0.04389823   -0.04646352 -0.04389823   -0.08214514 -0.06041262
    2    2
  0.25296740  0.00000000   -0.00612497 -0.00000000    0.00626348 -0.00782889
 -0.00612497 -0.00000000    0.25296740  0.00000000   -0.00626348  0.00782889
  0.00626348  0.00782889   -0.00626348 -0.00782889    0.30412902 -0.00000000

     Dynamical  Matrix in cartesian axes

     q = (    0.750000000   0.250000000   0.750000000 ) 

    1    1
  0.25296740 -0.00000000    0.00626348  0.00782889    0.00612497 -0.00000000
  0.00626348 -0.00782889    0.30412902  0.00000000    0.00626348 -0.00782889
  0.00612497 -0.00000000    0.00626348  0.00782889    0.25296740 -0.00000000
    1    2
  0.06346065 -0.06219275   -0.04646352  0.04389823   -0.14494497 -0.04431578
 -0.04646352  0.04389823    0.08214514 -0.06041262   -0.04646352  0.04389823
 -0.14494497 -0.04431578   -0.04646352  0.04389823    0.06346065 -0.06219275
    2    1
  0.06346065  0.06219275   -0.04646352 -0.04389823   -0.14494497  0.04431578
 -0.04646352 -0.04389823    0.08214514  0.06041262   -0.04646352 -0.04389823
 -0.14494497  0.04431578   -0.04646352 -0.04389823    0.06346065  0.06219275
    2    2
  0.25296740  0.00000000    0.00626348 -0.00782889    0.00612497  0.00000000
  0.00626348  0.00782889    0.30412902 -0.00000000    0.00626348  0.00782889
  0.00612497  0.00000000    0.00626348 -0.00782889    0.25296740  0.00000000

     Dynamical  Matrix in cartesian axes

     q = (   -0.750000000   0.250000000   0.750000000 ) 

    1    1
  0.25296740  0.00000000   -0.00626348  0.00782889   -0.00612497 -0.00000000
 -0.00626348 -0.00782889    0.30412902  0.00000000    0.00626348  0.00782889
 -0.00612497 -0.00000000    0.00626348 -0.00782889    0.25296740  0.00000000
    1    2
 -0.06346065 -0.06219275   -0.04646352 -0.04389823   -0.14494497  0.04431578
 -0.04646352 -0.04389823   -0.08214514 -0.06041262    0.04646352  0.04389823
 -0.14494497  0.04431578    0.04646352  0.04389823   -0.06346065 -0.06219275
    2    1
 -0.06346065  0.06219275   -0.04646352  0.04389823   -0.14494497 -0.04431578
 -0.04646352  0.04389823   -0.08214514  0.06041262    0.04646352 -0.04389823
 -0.14494497 -0.04431578    0.04646352 -0.04389823   -0.06346065  0.06219275
    2    2
  0.25296740 -0.00000000   -0.00626348 -0.00782889   -0.00612497  0.00000000
 -0.00626348  0.00782889    0.30412902  0.00000000    0.00626348 -0.00782889
 -0.00612497  0.00000000    0.00626348  0.00782889    0.25296740 -0.00000000

     Dynamical  Matrix in cartesian axes

     q = (    0.750000000   0.250000000  -0.750000000 ) 

    1    1
  0.25296740  0.00000000    0.00626348 -0.00782889   -0.00612497 -0.00000000
  0.00626348  0.00782889    0.30412902 -0.00000000   -0.00626348 -0.00782889
 -0.00612497 -0.00000000   -0.00626348  0.00782889    0.25296740  0.00000000
    1    2
 -0.06346065 -0.06219275    0.04646352  0.04389823   -0.14494497  0.04431578
  0.04646352  0.04389823   -0.08214514 -0.06041262   -0.04646352 -0.04389823
 -0.14494497  0.04431578   -0.04646352 -0.04389823   -0.06346065 -0.06219275
    2    1
 -0.06346065  0.06219275    0.04646352 -0.04389823   -0.14494497 -0.04431578
  0.04646352 -0.04389823   -0.08214514  0.06041262   -0.04646352  0.04389823
 -0.14494497 -0.04431578   -0.04646352  0.04389823   -0.06346065  0.06219275
    2    2
  0.25296740 -0.00000000    0.00626348  0.00782889   -0.00612497  0.00000000
  0.00626348 -0.00782889    0.30412902  0.00000000   -0.00626348  0.00782889
 -0.00612497  0.00000000   -0.00626348 -0.00782889    0.25296740 -0.00000000

     Dynamical  Matrix in cartesian axes

     q = (   -0.750000000   0.750000000   0.250000000 ) 

    1    1
  0.25296740  0.00000000   -0.00612497 -0.00000000   -0.00626348  0.00782889
 -0.00612497 -0.00000000    0.25296740  0.00000000    0.00626348 -0.00782889
 -0.00626348 -0.00782889    0.00626348  0.00782889    0.30412902 -0.00000000
    1    2
 -0.06346065 -0.06219275   -0.14494497  0.04431578   -0.04646352 -0.04389823
 -0.14494497  0.04431578   -0.06346065 -0.06219275    0.04646352  0.04389823
 -0.04646352 -0.04389823    0.04646352  0.04389823   -0.08214514 -0.06041262
    2    1
 -0.06346065  0.06219275   -0.14494497 -0.04431578   -0.04646352  0.04389823
 -0.14494497 -0.04431578   -0.06346065  0.06219275    0.04646352 -0.04389823
 -0.04646352  0.04389823    0.04646352 -0.04389823   -0.08214514  0.06041262
    2    2
  0.25296740 -0.00000000   -0.00612497  0.00000000   -0.00626348 -0.00782889
 -0.00612497  0.00000000    0.25296740 -0.00000000    0.00626348  0.00782889
 -0.00626348  0.00782889    0.00626348 -0.00782889    0.30412902  0.00000000

     Dynamical  Matrix in cartesian axes

     q = (   -0.250000000   0.750000000   0.750000000 ) 

    1    1
  0.30412902 -0.00000000   -0.00626348 -0.00782889   -0.00626348 -0.00782889
 -0.00626348  0.00782889    0.25296740  0.00000000    0.00612497  0.00000000
 -0.00626348  0.00782889    0.00612497 -0.00000000    0.25296740  0.00000000
    1    2
 -0.06041262  0.08214514   -0.04389823  0.04646352   -0.04389823  0.04646352
 -0.04389823  0.04646352   -0.06219275  0.06346065   -0.04431578 -0.14494497
 -0.04389823  0.04646352   -0.04431578 -0.14494497   -0.06219275  0.06346065
    2    1
 -0.06041262 -0.08214514   -0.04389823 -0.04646352   -0.04389823 -0.04646352
 -0.04389823 -0.04646352   -0.06219275 -0.06346065   -0.04431578  0.14494497
 -0.04389823 -0.04646352   -0.04431578  0.14494497   -0.06219275 -0.06346065
    2    2
  0.30412902  0.00000000   -0.00626348  0.00782889   -0.00626348  0.00782889
 -0.00626348 -0.00782889    0.25296740 -0.00000000    0.00612497 -0.00000000
 -0.00626348 -0.00782889    0.00612497  0.00000000    0.25296740 -0.00000000

     Dynamical  Matrix in cartesian axes

     q = (    0.250000000   0.750000000  -0.750000000 ) 

    1    1
  0.30412902 -0.00000000    0.00626348  0.00782889   -0.00626348 -0.00782889
  0.00626348 -0.00782889    0.25296740  0.00000000   -0.00612497 -0.00000000
 -0.00626348  0.00782889   -0.00612497 -0.00000000    0.25296740  0.00000000
    1    2
 -0.08214514 -0.06041262    0.04646352  0.04389823   -0.04646352 -0.04389823
  0.04646352  0.04389823   -0.06346065 -0.06219275   -0.14494497  0.04431578
 -0.04646352 -0.04389823   -0.14494497  0.04431578   -0.06346065 -0.06219275
    2    1
 -0.08214514  0.06041262    0.04646352 -0.04389823   -0.04646352  0.04389823
  0.04646352 -0.04389823   -0.06346065  0.06219275   -0.14494497 -0.04431578
 -0.04646352  0.04389823   -0.14494497 -0.04431578   -0.06346065  0.06219275
    2    2
  0.30412902  0.00000000    0.00626348 -0.00782889   -0.00626348  0.00782889
  0.00626348  0.00782889    0.25296740 -0.00000000   -0.00612497  0.00000000
 -0.00626348 -0.00782889   -0.00612497  0.00000000    0.25296740 -0.00000000

     Dynamical  Matrix in cartesian axes

     q = (   -0.250000000  -0.750000000  -0.750000000 ) 

    1    1
  0.30412902 -0.00000000    0.00626348  0.00782889    0.00626348  0.00782889
  0.00626348 -0.00782889    0.25296740  0.00000000    0.00612497 -0.00000000
  0.00626348 -0.00782889    0.00612497  0.00000000    0.25296740  0.00000000
    1    2
  0.08214514  0.06041262   -0.04646352 -0.04389823   -0.04646352 -0.04389823
 -0.04646352 -0.04389823    0.06346065  0.06219275   -0.14494497  0.04431578
 -0.04646352 -0.04389823   -0.14494497  0.04431578    0.06346065  0.06219275
    2    1
  0.08214514 -0.06041262   -0.04646352  0.04389823   -0.04646352  0.04389823
 -0.04646352  0.04389823    0.06346065 -0.06219275   -0.14494497 -0.04431578
 -0.04646352  0.04389823   -0.14494497 -0.04431578    0.06346065 -0.06219275
    2    2
  0.30412902  0.00000000    0.00626348 -0.00782889    0.00626348 -0.00782889
  0.00626348  0.00782889    0.25296740 -0.00000000    0.00612497  0.00000000
  0.00626348  0.00782889    0.00612497 -0.00000000    0.25296740 -0.00000000

     Dynamical  Matrix in cartesian axes

     q = (    0.750000000   0.750000000  -0.250000000 ) 

    1    1
  0.25296740  0.00000000    0.00612497  0.00000000   -0.00626348  0.00782889
  0.00612497  0.00000000    0.25296740  0.00000000   -0.00626348  0.00782889
 -0.00626348 -0.00782889   -0.00626348 -0.00782889    0.30412902 -0.00000000
    1    2
 -0.06219275  0.06346065   -0.04431578 -0.14494497   -0.04389823  0.04646352
 -0.04431578 -0.14494497   -0.06219275  0.06346065   -0.04389823  0.04646352
 -0.04389823  0.04646352   -0.04389823  0.04646352   -0.06041262  0.08214514
    2    1
 -0.06219275 -0.06346065   -0.04431578  0.14494497   -0.04389823 -0.04646352
 -0.04431578  0.14494497   -0.06219275 -0.06346065   -0.04389823 -0.04646352
 -0.04389823 -0.04646352   -0.04389823 -0.04646352   -0.06041262 -0.08214514
    2    2
  0.25296740 -0.00000000    0.00612497 -0.00000000   -0.00626348 -0.00782889
  0.00612497 -0.00000000    0.25296740 -0.00000000   -0.00626348 -0.00782889
 -0.00626348  0.00782889   -0.00626348  0.00782889    0.30412902  0.00000000

     Dynamical  Matrix in cartesian axes

     q = (    0.750000000  -0.750000000   0.250000000 ) 

    1    1
  0.25296740  0.00000000   -0.00612497 -0.00000000    0.00626348 -0.00782889
 -0.00612497 -0.00000000    0.25296740  0.00000000   -0.00626348  0.00782889
  0.00626348  0.00782889   -0.00626348 -0.00782889    0.30412902 -0.00000000
    1    2
 -0.06346065 -0.06219275   -0.14494497  0.04431578    0.04646352  0.04389823
 -0.14494497  0.04431578   -0.06346065 -0.06219275   -0.04646352 -0.04389823
  0.04646352  0.04389823   -0.04646352 -0.04389823   -0.08214514 -0.06041262
    2    1
 -0.06346065  0.06219275   -0.14494497 -0.04431578    0.04646352 -0.04389823
 -0.14494497 -0.04431578   -0.06346065  0.06219275   -0.04646352  0.04389823
  0.04646352 -0.04389823   -0.04646352  0.04389823   -0.08214514  0.06041262
    2    2
  0.25296740 -0.00000000   -0.00612497  0.00000000    0.00626348  0.00782889
 -0.00612497  0.00000000    0.25296740 -0.00000000   -0.00626348 -0.00782889
  0.00626348 -0.00782889   -0.00626348  0.00782889    0.30412902  0.00000000

     Dynamical  Matrix in cartesian axes

     q = (   -0.750000000  -0.750000000  -0.250000000 ) 

    1    1
  0.25296740  0.00000000    0.00612497  0.00000000    0.00626348 -0.00782889
  0.00612497  0.00000000    0.25296740  0.00000000    0.00626348 -0.00782889
  0.00626348  0.00782889    0.00626348  0.00782889    0.30412902 -0.00000000
    1    2
  0.06346065  0.06219275   -0.14494497  0.04431578   -0.04646352 -0.04389823
 -0.14494497  0.04431578    0.06346065  0.06219275   -0.04646352 -0.04389823
 -0.04646352 -0.04389823   -0.04646352 -0.04389823    0.08214514  0.06041262
    2    1
  0.06346065 -0.06219275   -0.14494497 -0.04431578   -0.04646352  0.04389823
 -0.14494497 -0.04431578    0.06346065 -0.06219275   -0.04646352  0.04389823
 -0.04646352  0.04389823   -0.04646352  0.04389823    0.08214514 -0.06041262
    2    2
  0.25296740 -0.00000000    0.00612497 -0.00000000    0.00626348  0.00782889
  0.00612497 -0.00000000    0.25296740 -0.00000000    0.00626348  0.00782889
  0.00626348 -0.00782889    0.00626348 -0.00782889    0.30412902  0.00000000

     Dynamical  Matrix in cartesian axes

     q = (    0.250000000  -0.750000000   0.750000000 ) 

    1    1
  0.30412902 -0.00000000   -0.00626348 -0.00782889    0.00626348  0.00782889
 -0.00626348  0.00782889    0.25296740  0.00000000   -0.00612497 -0.00000000
  0.00626348 -0.00782889   -0.00612497 -0.00000000    0.25296740  0.00000000
    1    2
 -0.08214514 -0.06041262   -0.04646352 -0.04389823    0.04646352  0.04389823
 -0.04646352 -0.04389823   -0.06346065 -0.06219275   -0.14494497  0.04431578
  0.04646352  0.04389823   -0.14494497  0.04431578   -0.06346065 -0.06219275
    2    1
 -0.08214514  0.06041262   -0.04646352  0.04389823    0.04646352 -0.04389823
 -0.04646352  0.04389823   -0.06346065  0.06219275   -0.14494497 -0.04431578
  0.04646352 -0.04389823   -0.14494497 -0.04431578   -0.06346065  0.06219275
    2    2
  0.30412902  0.00000000   -0.00626348  0.00782889    0.00626348 -0.00782889
 -0.00626348 -0.00782889    0.25296740 -0.00000000   -0.00612497  0.00000000
  0.00626348  0.00782889   -0.00612497  0.00000000    0.25296740 -0.00000000

     Dynamical  Matrix in cartesian axes

     q = (   -0.750000000  -0.750000000   0.250000000 ) 

    1    1
  0.25296740 -0.00000000    0.00612497 -0.00000000   -0.00626348 -0.00782889
  0.00612497 -0.00000000    0.25296740 -0.00000000   -0.00626348 -0.00782889
 -0.00626348  0.00782889   -0.00626348  0.00782889    0.30412902  0.00000000
    1    2
 -0.06219275 -0.06346065   -0.04431578  0.14494497   -0.04389823 -0.04646352
 -0.04431578  0.14494497   -0.06219275 -0.06346065   -0.04389823 -0.04646352
 -0.04389823 -0.04646352   -0.04389823 -0.04646352   -0.06041262 -0.08214514
    2    1
 -0.06219275  0.06346065   -0.04431578 -0.14494497   -0.04389823  0.04646352
 -0.04431578 -0.14494497   -0.06219275  0.06346065   -0.04389823  0.04646352
 -0.04389823  0.04646352   -0.04389823  0.04646352   -0.06041262  0.08214514
    2    2
  0.25296740  0.00000000    0.00612497  0.00000000   -0.00626348  0.00782889
  0.00612497  0.00000000    0.25296740  0.00000000   -0.00626348  0.00782889
 -0.00626348 -0.00782889   -0.00626348 -0.00782889    0.30412902 -0.00000000

     Dynamical  Matrix in cartesian axes

     q = (    0.250000000   0.750000000   0.750000000 ) 

    1    1
  0.30412902  0.00000000    0.00626348 -0.00782889    0.00626348 -0.00782889
  0.00626348  0.00782889    0.25296740 -0.00000000    0.00612497  0.00000000
  0.00626348  0.00782889    0.00612497 -0.00000000    0.25296740 -0.00000000
    1    2
  0.08214514 -0.06041262   -0.04646352  0.04389823   -0.04646352  0.04389823
 -0.04646352  0.04389823    0.06346065 -0.06219275   -0.14494497 -0.04431578
 -0.04646352  0.04389823   -0.14494497 -0.04431578    0.06346065 -0.06219275
    2    1
  0.08214514  0.06041262   -0.04646352 -0.04389823   -0.04646352 -0.04389823
 -0.04646352 -0.04389823    0.06346065  0.06219275   -0.14494497  0.04431578
 -0.04646352 -0.04389823   -0.14494497  0.04431578    0.06346065  0.06219275
    2    2
  0.30412902 -0.00000000    0.00626348  0.00782889    0.00626348  0.00782889
  0.00626348 -0.00782889    0.25296740  0.00000000    0.00612497 -0.00000000
  0.00626348 -0.00782889    0.00612497  0.00000000    0.25296740  0.00000000

     Dynamical  Matrix in cartesian axes

     q = (   -0.250000000  -0.750000000   0.750000000 ) 

    1    1
  0.30412902  0.00000000    0.00626348 -0.00782889   -0.00626348  0.00782889
  0.00626348  0.00782889    0.25296740 -0.00000000   -0.00612497  0.00000000
 -0.00626348 -0.00782889   -0.00612497  0.00000000    0.25296740 -0.00000000
    1    2
 -0.08214514  0.06041262    0.04646352 -0.04389823   -0.04646352  0.04389823
  0.04646352 -0.04389823   -0.06346065  0.06219275   -0.14494497 -0.04431578
 -0.04646352  0.04389823   -0.14494497 -0.04431578   -0.06346065  0.06219275
    2    1
 -0.08214514 -0.06041262    0.04646352  0.04389823   -0.04646352 -0.04389823
  0.04646352  0.04389823   -0.06346065 -0.06219275   -0.14494497  0.04431578
 -0.04646352 -0.04389823   -0.14494497  0.04431578   -0.06346065 -0.06219275
    2    2
  0.30412902 -0.00000000    0.00626348  0.00782889   -0.00626348 -0.00782889
  0.00626348 -0.00782889    0.25296740  0.00000000   -0.00612497 -0.00000000
 -0.00626348  0.00782889   -0.00612497 -0.00000000    0.25296740  0.00000000

     Dynamical  Matrix in cartesian axes

     q = (    0.750000000   0.750000000   0.250000000 ) 

    1    1
  0.25296740 -0.00000000    0.00612497 -0.00000000    0.00626348  0.00782889
  0.00612497 -0.00000000    0.25296740 -0.00000000    0.00626348  0.00782889
  0.00626348 -0.00782889    0.00626348 -0.00782889    0.30412902  0.00000000
    1    2
  0.06346065 -0.06219275   -0.14494497 -0.04431578   -0.04646352  0.04389823
 -0.14494497 -0.04431578    0.06346065 -0.06219275   -0.04646352  0.04389823
 -0.04646352  0.04389823   -0.04646352  0.04389823    0.08214514 -0.06041262
    2    1
  0.06346065  0.06219275   -0.14494497  0.04431578   -0.04646352 -0.04389823
 -0.14494497  0.04431578    0.06346065  0.06219275   -0.04646352 -0.04389823
 -0.04646352 -0.04389823   -0.04646352 -0.04389823    0.08214514  0.06041262
    2    2
  0.25296740  0.00000000    0.00612497  0.00000000    0.00626348 -0.00782889
  0.00612497  0.00000000    0.25296740  0.00000000    0.00626348 -0.00782889
  0.00626348  0.00782889    0.00626348  0.00782889    0.30412902 -0.00000000

     Dynamical  Matrix in cartesian axes

     q = (    0.250000000  -0.750000000  -0.750000000 ) 

    1    1
  0.30412902  0.00000000   -0.00626348  0.00782889   -0.00626348  0.00782889
 -0.00626348 -0.00782889    0.25296740 -0.00000000    0.00612497 -0.00000000
 -0.00626348 -0.00782889    0.00612497  0.00000000    0.25296740 -0.00000000
    1    2
 -0.06041262 -0.08214514   -0.04389823 -0.04646352   -0.04389823 -0.04646352
 -0.04389823 -0.04646352   -0.06219275 -0.06346065   -0.04431578  0.14494497
 -0.04389823 -0.04646352   -0.04431578  0.14494497   -0.06219275 -0.06346065
    2    1
 -0.06041262  0.08214514   -0.04389823  0.04646352   -0.04389823  0.04646352
 -0.04389823  0.04646352   -0.06219275  0.06346065   -0.04431578 -0.14494497
 -0.04389823  0.04646352   -0.04431578 -0.14494497   -0.06219275  0.06346065
    2    2
  0.30412902 -0.00000000   -0.00626348 -0.00782889   -0.00626348 -0.00782889
 -0.00626348  0.00782889    0.25296740  0.00000000    0.00612497  0.00000000
 -0.00626348  0.00782889    0.00612497 -0.00000000    0.25296740  0.00000000

     Dynamical  Matrix in cartesian axes

     q = (    0.750000000  -0.750000000  -0.250000000 ) 

    1    1
  0.25296740 -0.00000000   -0.00612497  0.00000000   -0.00626348 -0.00782889
 -0.00612497  0.00000000    0.25296740 -0.00000000    0.00626348  0.00782889
 -0.00626348  0.00782889    0.00626348 -0.00782889    0.30412902  0.00000000
    1    2
 -0.06346065  0.06219275   -0.14494497 -0.04431578   -0.04646352  0.04389823
 -0.14494497 -0.04431578   -0.06346065  0.06219275    0.04646352 -0.04389823
 -0.04646352  0.04389823    0.04646352 -0.04389823   -0.08214514  0.06041262
    2    1
 -0.06346065 -0.06219275   -0.14494497  0.04431578   -0.04646352 -0.04389823
 -0.14494497  0.04431578   -0.06346065 -0.06219275    0.04646352  0.04389823
 -0.04646352 -0.04389823    0.04646352  0.04389823   -0.08214514 -0.06041262
    2    2
  0.25296740  0.00000000   -0.00612497 -0.00000000   -0.00626348  0.00782889
 -0.00612497 -0.00000000    0.25296740  0.00000000    0.00626348 -0.00782889
 -0.00626348 -0.00782889    0.00626348  0.00782889    0.30412902 -0.00000000

     Diagonalizing the dynamical matrix

     q = (    0.750000000  -0.250000000   0.750000000 ) 

 **************************************************************************
     omega( 1) =       3.991331 [THz] =     133.136466 [cm-1]
 (  0.042733 -0.498171  0.000000  0.000000 -0.042733  0.498171 ) 
 (  0.500000  0.000000  0.000000  0.000000 -0.500000  0.000000 ) 
     omega( 2) =       5.736434 [THz] =     191.346844 [cm-1]
 ( -0.386384 -0.174792 -0.341886  0.153051 -0.386384 -0.174792 ) 
 ( -0.424081 -0.000000 -0.248412 -0.280360 -0.424081  0.000000 ) 
     omega( 3) =       9.433165 [THz] =     314.656524 [cm-1]
 (  0.128927 -0.280352  0.366622  0.418509  0.128927 -0.280352 ) 
 ( -0.308576 -0.000000  0.227051  0.507946 -0.308576  0.000000 ) 
     omega( 4) =      12.275960 [THz] =     409.481946 [cm-1]
 (  0.053535  0.315733 -0.398775 -0.368607  0.053535  0.315733 ) 
 ( -0.320240 -0.000000  0.430084  0.331543 -0.320240  0.000000 ) 
     omega( 5) =      13.886738 [THz] =     463.211706 [cm-1]
 (  0.042733 -0.498171 -0.000000  0.000000 -0.042733  0.498171 ) 
 ( -0.500000 -0.000000  0.000000 -0.000000  0.500000  0.000000 ) 
     omega( 6) =      14.274660 [THz] =     476.151402 [cm-1]
 ( -0.305662 -0.170155 -0.456106  0.217263 -0.305662 -0.170155 ) 
 (  0.349832  0.000000  0.292843  0.411678  0.349832  0.000000 ) 
 **************************************************************************
