Dynamical matrix file
                                                                           
  1    2  2 10.2000000  0.0000000  0.0000000  0.0000000  0.0000000  0.0000000
           1  'Si  '    25598.3672624059     
    1    1      0.0000000000      0.0000000000      0.0000000000
    2    1      0.2500000000      0.2500000000      0.2500000000

     Dynamical  Matrix in cartesian axes

     q = (   -0.250000000   0.250000000  -0.250000000 ) 

    1    1
  0.28638924  0.00000000   -0.01240610  0.00000000    0.01240610  0.00000000
 -0.01240610  0.00000000    0.28638924  0.00000000   -0.01240610  0.00000000
  0.01240610  0.00000000   -0.01240610  0.00000000    0.28638924  0.00000000
    1    2
 -0.21127743 -0.06192450   -0.04287404  0.04388976    0.04287404 -0.04388976
 -0.04287404  0.04388976   -0.21127743 -0.06192450   -0.04287404  0.04388976
  0.04287404 -0.04388976   -0.04287404  0.04388976   -0.21127743 -0.06192450
    2    1
 -0.21127743  0.06192450   -0.04287404 -0.04388976    0.04287404  0.04388976
 -0.04287404 -0.04388976   -0.21127743  0.06192450   -0.04287404 -0.04388976
  0.04287404  0.04388976   -0.04287404 -0.04388976   -0.21127743  0.06192450
    2    2
  0.28638924  0.00000000   -0.01240610  0.00000000    0.01240610  0.00000000
 -0.01240610  0.00000000    0.28638924  0.00000000   -0.01240610  0.00000000
  0.01240610  0.00000000   -0.01240610  0.00000000    0.28638924  0.00000000

     Dynamical  Matrix in cartesian axes

     q = (    0.250000000  -0.250000000  -0.250000000 ) 

    1    1
  0.28638924  0.00000000   -0.01240610  0.00000000   -0.01240610  0.00000000
 -0.01240610  0.00000000    0.28638924  0.00000000    0.01240610  0.00000000
 -0.01240610  0.00000000    0.01240610  0.00000000    0.28638924  0.00000000
    1    2
 -0.21127743 -0.06192450   -0.04287404  0.04388976   -0.04287404  0.04388976
 -0.04287404  0.04388976   -0.21127743 -0.06192450    0.04287404 -0.04388976
 -0.04287404  0.04388976    0.04287404 -0.04388976   -0.21127743 -0.06192450
    2    1
 -0.21127743  0.06192450   -0.04287404 -0.04388976   -0.04287404 -0.04388976
 -0.04287404 -0.04388976   -0.21127743  0.06192450    0.04287404  0.04388976
 -0.04287404 -0.04388976    0.04287404  0.04388976   -0.21127743  0.06192450
    2    2
  0.28638924  0.00000000   -0.01240610  0.00000000   -0.01240610  0.00000000
 -0.01240610  0.00000000    0.28638924  0.00000000    0.01240610  0.00000000
 -0.01240610  0.00000000    0.01240610  0.00000000    0.28638924  0.00000000

     Dynamical  Matrix in cartesian axes

     q = (    0.250000000  -0.250000000   0.250000000 ) 

    1    1
  0.28638924  0.00000000   -0.01240610  0.00000000    0.01240610  0.00000000
 -0.01240610  0.00000000    0.28638924  0.00000000   -0.01240610  0.00000000
  0.01240610  0.00000000   -0.01240610  0.00000000    0.28638924  0.00000000
    1    2
 -0.21127743  0.06192450   -0.04287404 -0.04388976    0.04287404  0.04388976
 -0.04287404 -0.04388976   -0.21127743  0.06192450   -0.04287404 -0.04388976
  0.04287404  0.04388976   -0.04287404 -0.04388976   -0.21127743  0.06192450
    2    1
 -0.21127743 -0.06192450   -0.04287404  0.04388976    0.04287404 -0.04388976
 -0.04287404  0.04388976   -0.21127743 -0.06192450   -0.04287404  0.04388976
  0.04287404 -0.04388976   -0.04287404  0.04388976   -0.21127743 -0.06192450
    2    2
  0.28638924  0.00000000   -0.01240610  0.00000000    0.01240610  0.00000000
 -0.01240610  0.00000000    0.28638924  0.00000000   -0.01240610  0.00000000
  0.01240610  0.00000000   -0.01240610  0.00000000    0.28638924  0.00000000

     Dynamical  Matrix in cartesian axes

     q = (    0.250000000   0.250000000   0.250000000 ) 

    1    1
  0.28638924  0.00000000    0.01240610  0.00000000    0.01240610  0.00000000
  0.01240610  0.00000000    0.28638924  0.00000000    0.01240610  0.00000000
  0.01240610  0.00000000    0.01240610  0.00000000    0.28638924  0.00000000
    1    2
 -0.06192450  0.21127743   -0.04388976 -0.04287404   -0.04388976 -0.04287404
 -0.04388976 -0.04287404   -0.06192450  0.21127743   -0.04388976 -0.04287404
 -0.04388976 -0.04287404   -0.04388976 -0.04287404   -0.06192450  0.21127743
    2    1
 -0.06192450 -0.21127743   -0.04388976  0.04287404   -0.04388976  0.04287404
 -0.04388976  0.04287404   -0.06192450 -0.21127743   -0.04388976  0.04287404
 -0.04388976  0.04287404   -0.04388976  0.04287404   -0.06192450 -0.21127743
    2    2
  0.28638924  0.00000000    0.01240610  0.00000000    0.01240610  0.00000000
  0.01240610  0.00000000    0.28638924  0.00000000    0.01240610  0.00000000
  0.01240610  0.00000000    0.01240610  0.00000000    0.28638924  0.00000000

     Dynamical  Matrix in cartesian axes

     q = (   -0.250000000  -0.250000000  -0.250000000 ) 

    1    1
  0.28638924  0.00000000    0.01240610  0.00000000    0.01240610  0.00000000
  0.01240610  0.00000000    0.28638924  0.00000000    0.01240610  0.00000000
  0.01240610  0.00000000    0.01240610  0.00000000    0.28638924  0.00000000
    1    2
 -0.06192450 -0.21127743   -0.04388976  0.04287404   -0.04388976  0.04287404
 -0.04388976  0.04287404   -0.06192450 -0.21127743   -0.04388976  0.04287404
 -0.04388976  0.04287404   -0.04388976  0.04287404   -0.06192450 -0.21127743
    2    1
 -0.06192450  0.21127743   -0.04388976 -0.04287404   -0.04388976 -0.04287404
 -0.04388976 -0.04287404   -0.06192450  0.21127743   -0.04388976 -0.04287404
 -0.04388976 -0.04287404   -0.04388976 -0.04287404   -0.06192450  0.21127743
    2    2
  0.28638924  0.00000000    0.01240610  0.00000000    0.01240610  0.00000000
  0.01240610  0.00000000    0.28638924  0.00000000    0.01240610  0.00000000
  0.01240610  0.00000000    0.01240610  0.00000000    0.28638924  0.00000000

     Dynamical  Matrix in cartesian axes

     q = (   -0.250000000  -0.250000000   0.250000000 ) 

    1    1
  0.28638924  0.00000000    0.01240610  0.00000000   -0.01240610  0.00000000
  0.01240610  0.00000000    0.28638924  0.00000000   -0.01240610  0.00000000
 -0.01240610  0.00000000   -0.01240610  0.00000000    0.28638924  0.00000000
    1    2
 -0.21127743 -0.06192450    0.04287404 -0.04388976   -0.04287404  0.04388976
  0.04287404 -0.04388976   -0.21127743 -0.06192450   -0.04287404  0.04388976
 -0.04287404  0.04388976   -0.04287404  0.04388976   -0.21127743 -0.06192450
    2    1
 -0.21127743  0.06192450    0.04287404  0.04388976   -0.04287404 -0.04388976
  0.04287404  0.04388976   -0.21127743  0.06192450   -0.04287404 -0.04388976
 -0.04287404 -0.04388976   -0.04287404 -0.04388976   -0.21127743  0.06192450
    2    2
  0.28638924  0.00000000    0.01240610  0.00000000   -0.01240610  0.00000000
  0.01240610  0.00000000    0.28638924  0.00000000   -0.01240610  0.00000000
 -0.01240610  0.00000000   -0.01240610  0.00000000    0.28638924  0.00000000

     Dynamical  Matrix in cartesian axes

     q = (   -0.250000000   0.250000000   0.250000000 ) 

    1    1
  0.28638924  0.00000000   -0.01240610  0.00000000   -0.01240610  0.00000000
 -0.01240610  0.00000000    0.28638924  0.00000000    0.01240610  0.00000000
 -0.01240610  0.00000000    0.01240610  0.00000000    0.28638924  0.00000000
    1    2
 -0.21127743  0.06192450   -0.04287404 -0.04388976   -0.04287404 -0.04388976
 -0.04287404 -0.04388976   -0.21127743  0.06192450    0.04287404  0.04388976
 -0.04287404 -0.04388976    0.04287404  0.04388976   -0.21127743  0.06192450
    2    1
 -0.21127743 -0.06192450   -0.04287404  0.04388976   -0.04287404  0.04388976
 -0.04287404  0.04388976   -0.21127743 -0.06192450    0.04287404 -0.04388976
 -0.04287404  0.04388976    0.04287404 -0.04388976   -0.21127743 -0.06192450
    2    2
  0.28638924  0.00000000   -0.01240610  0.00000000   -0.01240610  0.00000000
 -0.01240610  0.00000000    0.28638924  0.00000000    0.01240610  0.00000000
 -0.01240610  0.00000000    0.01240610  0.00000000    0.28638924  0.00000000

     Dynamical  Matrix in cartesian axes

     q = (    0.250000000   0.250000000  -0.250000000 ) 

    1    1
  0.28638924  0.00000000    0.01240610  0.00000000   -0.01240610  0.00000000
  0.01240610  0.00000000    0.28638924  0.00000000   -0.01240610  0.00000000
 -0.01240610  0.00000000   -0.01240610  0.00000000    0.28638924  0.00000000
    1    2
 -0.21127743  0.06192450    0.04287404  0.04388976   -0.04287404 -0.04388976
  0.04287404  0.04388976   -0.21127743  0.06192450   -0.04287404 -0.04388976
 -0.04287404 -0.04388976   -0.04287404 -0.04388976   -0.21127743  0.06192450
    2    1
 -0.21127743 -0.06192450    0.04287404 -0.04388976   -0.04287404  0.04388976
  0.04287404 -0.04388976   -0.21127743 -0.06192450   -0.04287404  0.04388976
 -0.04287404  0.04388976   -0.04287404  0.04388976   -0.21127743 -0.06192450
    2    2
  0.28638924  0.00000000    0.01240610  0.00000000   -0.01240610  0.00000000
  0.01240610  0.00000000    0.28638924  0.00000000   -0.01240610  0.00000000
 -0.01240610  0.00000000   -0.01240610  0.00000000    0.28638924  0.00000000

     Diagonalizing the dynamical matrix

     q = (   -0.250000000   0.250000000  -0.250000000 ) 

 **************************************************************************
     freq (    1) =       2.848629 [THz] =      95.020028 [cm-1]
 ( -0.319196 -0.048618  0.254580 -0.007902  0.573776  0.040715 ) 
 ( -0.321837 -0.025902  0.253382 -0.025902  0.575219  0.000000 ) 
     freq (    2) =       2.848629 [THz] =      95.020028 [cm-1]
 (  0.350235  0.326218  0.399675  0.329727  0.049440  0.003508 ) 
 (  0.372448  0.300610  0.422012  0.300610  0.049564  0.000000 ) 
     freq (    3) =       6.998172 [THz] =     233.433907 [cm-1]
 ( -0.262310 -0.312826  0.262310  0.312826 -0.262310 -0.312826 ) 
 ( -0.408248  0.000000  0.408248 -0.000000 -0.408248  0.000000 ) 
     freq (    4) =      14.634864 [THz] =     488.166504 [cm-1]
 (  0.262310  0.312826 -0.262310 -0.312826  0.262310  0.312826 ) 
 ( -0.408248 -0.000000  0.408248  0.000000 -0.408248  0.000000 ) 
     freq (    5) =      14.952156 [THz] =     498.750241 [cm-1]
 ( -0.123492  0.020576  0.423878  0.059418  0.547371  0.038842 ) 
 (  0.121726 -0.029265 -0.427021 -0.029265 -0.548747  0.000000 ) 
     freq (    6) =      14.952156 [THz] =     498.750241 [cm-1]
 (  0.548735  0.128644  0.369713  0.115941 -0.179022 -0.012703 ) 
 ( -0.556465 -0.089481 -0.376993 -0.089481  0.179472  0.000000 ) 
 **************************************************************************
