Dynamical matrix file
                                                                           
  1    2  2 10.2000000  0.0000000  0.0000000  0.0000000  0.0000000  0.0000000
           1  'Si  '    25598.3672624059     
    1    1      0.0000000000      0.0000000000      0.0000000000
    2    1      0.2500000000      0.2500000000      0.2500000000

     Dynamical  Matrix in cartesian axes

     q = (    0.750000000  -0.250000000   0.750000000 ) 

    1    1
  0.26438543  0.00000000   -0.00721836  0.00843025    0.00703776  0.00000000
 -0.00721836 -0.00843025    0.31712881  0.00000000   -0.00721836 -0.00843025
  0.00703776  0.00000000   -0.00721836  0.00843025    0.26438543  0.00000000
    1    2
 -0.06403239  0.06528538   -0.04509978  0.04780346   -0.04560584 -0.14913890
 -0.04509978  0.04780346   -0.06207092  0.08372381   -0.04509978  0.04780346
 -0.04560584 -0.14913890   -0.04509978  0.04780346   -0.06403239  0.06528538
    2    1
 -0.06403239 -0.06528538   -0.04509978 -0.04780346   -0.04560584  0.14913890
 -0.04509978 -0.04780346   -0.06207092 -0.08372381   -0.04509978 -0.04780346
 -0.04560584  0.14913890   -0.04509978 -0.04780346   -0.06403239 -0.06528538
    2    2
  0.26438543  0.00000000   -0.00721836 -0.00843025    0.00703776  0.00000000
 -0.00721836  0.00843025    0.31712881  0.00000000   -0.00721836  0.00843025
  0.00703776  0.00000000   -0.00721836 -0.00843025    0.26438543  0.00000000

     Dynamical  Matrix in cartesian axes

     q = (    0.750000000  -0.250000000  -0.750000000 ) 

    1    1
  0.26438543  0.00000000   -0.00721836 -0.00843025   -0.00703776  0.00000000
 -0.00721836  0.00843025    0.31712881  0.00000000    0.00721836 -0.00843025
 -0.00703776  0.00000000    0.00721836  0.00843025    0.26438543  0.00000000
    1    2
 -0.06528538  0.06403239   -0.04780346  0.04509978   -0.14913890 -0.04560584
 -0.04780346  0.04509978   -0.08372381  0.06207092    0.04780346 -0.04509978
 -0.14913890 -0.04560584    0.04780346 -0.04509978   -0.06528538  0.06403239
    2    1
 -0.06528538 -0.06403239   -0.04780346 -0.04509978   -0.14913890  0.04560584
 -0.04780346 -0.04509978   -0.08372381 -0.06207092    0.04780346  0.04509978
 -0.14913890  0.04560584    0.04780346  0.04509978   -0.06528538 -0.06403239
    2    2
  0.26438543  0.00000000   -0.00721836  0.00843025   -0.00703776  0.00000000
 -0.00721836 -0.00843025    0.31712881  0.00000000    0.00721836  0.00843025
 -0.00703776  0.00000000    0.00721836 -0.00843025    0.26438543  0.00000000

     Dynamical  Matrix in cartesian axes

     q = (   -0.750000000  -0.250000000  -0.750000000 ) 

    1    1
  0.26438543  0.00000000    0.00721836 -0.00843025    0.00703776  0.00000000
  0.00721836  0.00843025    0.31712881  0.00000000    0.00721836  0.00843025
  0.00703776  0.00000000    0.00721836 -0.00843025    0.26438543  0.00000000
    1    2
  0.06528538  0.06403239   -0.04780346 -0.04509978   -0.14913890  0.04560584
 -0.04780346 -0.04509978    0.08372381  0.06207092   -0.04780346 -0.04509978
 -0.14913890  0.04560584   -0.04780346 -0.04509978    0.06528538  0.06403239
    2    1
  0.06528538 -0.06403239   -0.04780346  0.04509978   -0.14913890 -0.04560584
 -0.04780346  0.04509978    0.08372381 -0.06207092   -0.04780346  0.04509978
 -0.14913890 -0.04560584   -0.04780346  0.04509978    0.06528538 -0.06403239
    2    2
  0.26438543  0.00000000    0.00721836  0.00843025    0.00703776  0.00000000
  0.00721836 -0.00843025    0.31712881  0.00000000    0.00721836 -0.00843025
  0.00703776  0.00000000    0.00721836  0.00843025    0.26438543  0.00000000

     Dynamical  Matrix in cartesian axes

     q = (   -0.750000000  -0.250000000   0.750000000 ) 

    1    1
  0.26438543  0.00000000    0.00721836  0.00843025   -0.00703776  0.00000000
  0.00721836 -0.00843025    0.31712881  0.00000000   -0.00721836  0.00843025
 -0.00703776  0.00000000   -0.00721836 -0.00843025    0.26438543  0.00000000
    1    2
 -0.06528538  0.06403239    0.04780346 -0.04509978   -0.14913890 -0.04560584
  0.04780346 -0.04509978   -0.08372381  0.06207092   -0.04780346  0.04509978
 -0.14913890 -0.04560584   -0.04780346  0.04509978   -0.06528538  0.06403239
    2    1
 -0.06528538 -0.06403239    0.04780346  0.04509978   -0.14913890  0.04560584
  0.04780346  0.04509978   -0.08372381 -0.06207092   -0.04780346 -0.04509978
 -0.14913890  0.04560584   -0.04780346 -0.04509978   -0.06528538 -0.06403239
    2    2
  0.26438543  0.00000000    0.00721836 -0.00843025   -0.00703776  0.00000000
  0.00721836  0.00843025    0.31712881  0.00000000   -0.00721836 -0.00843025
 -0.00703776  0.00000000   -0.00721836  0.00843025    0.26438543  0.00000000

     Dynamical  Matrix in cartesian axes

     q = (   -0.750000000   0.250000000  -0.750000000 ) 

    1    1
  0.26438543  0.00000000   -0.00721836 -0.00843025    0.00703776  0.00000000
 -0.00721836  0.00843025    0.31712881  0.00000000   -0.00721836  0.00843025
  0.00703776  0.00000000   -0.00721836 -0.00843025    0.26438543  0.00000000
    1    2
 -0.06403239 -0.06528538   -0.04509978 -0.04780346   -0.04560584  0.14913890
 -0.04509978 -0.04780346   -0.06207092 -0.08372381   -0.04509978 -0.04780346
 -0.04560584  0.14913890   -0.04509978 -0.04780346   -0.06403239 -0.06528538
    2    1
 -0.06403239  0.06528538   -0.04509978  0.04780346   -0.04560584 -0.14913890
 -0.04509978  0.04780346   -0.06207092  0.08372381   -0.04509978  0.04780346
 -0.04560584 -0.14913890   -0.04509978  0.04780346   -0.06403239  0.06528538
    2    2
  0.26438543  0.00000000   -0.00721836  0.00843025    0.00703776  0.00000000
 -0.00721836 -0.00843025    0.31712881  0.00000000   -0.00721836 -0.00843025
  0.00703776  0.00000000   -0.00721836  0.00843025    0.26438543  0.00000000

     Dynamical  Matrix in cartesian axes

     q = (   -0.250000000   0.750000000  -0.750000000 ) 

    1    1
  0.31712881  0.00000000   -0.00721836  0.00843025    0.00721836 -0.00843025
 -0.00721836 -0.00843025    0.26438543  0.00000000   -0.00703776  0.00000000
  0.00721836  0.00843025   -0.00703776  0.00000000    0.26438543  0.00000000
    1    2
 -0.08372381  0.06207092   -0.04780346  0.04509978    0.04780346 -0.04509978
 -0.04780346  0.04509978   -0.06528538  0.06403239   -0.14913890 -0.04560584
  0.04780346 -0.04509978   -0.14913890 -0.04560584   -0.06528538  0.06403239
    2    1
 -0.08372381 -0.06207092   -0.04780346 -0.04509978    0.04780346  0.04509978
 -0.04780346 -0.04509978   -0.06528538 -0.06403239   -0.14913890  0.04560584
  0.04780346  0.04509978   -0.14913890  0.04560584   -0.06528538 -0.06403239
    2    2
  0.31712881  0.00000000   -0.00721836 -0.00843025    0.00721836  0.00843025
 -0.00721836  0.00843025    0.26438543  0.00000000   -0.00703776  0.00000000
  0.00721836 -0.00843025   -0.00703776  0.00000000    0.26438543  0.00000000

     Dynamical  Matrix in cartesian axes

     q = (   -0.750000000   0.750000000  -0.250000000 ) 

    1    1
  0.26438543  0.00000000   -0.00703776  0.00000000    0.00721836  0.00843025
 -0.00703776  0.00000000    0.26438543  0.00000000   -0.00721836 -0.00843025
  0.00721836 -0.00843025   -0.00721836  0.00843025    0.31712881  0.00000000
    1    2
 -0.06528538  0.06403239   -0.14913890 -0.04560584    0.04780346 -0.04509978
 -0.14913890 -0.04560584   -0.06528538  0.06403239   -0.04780346  0.04509978
  0.04780346 -0.04509978   -0.04780346  0.04509978   -0.08372381  0.06207092
    2    1
 -0.06528538 -0.06403239   -0.14913890  0.04560584    0.04780346  0.04509978
 -0.14913890  0.04560584   -0.06528538 -0.06403239   -0.04780346 -0.04509978
  0.04780346  0.04509978   -0.04780346 -0.04509978   -0.08372381 -0.06207092
    2    2
  0.26438543  0.00000000   -0.00703776  0.00000000    0.00721836 -0.00843025
 -0.00703776  0.00000000    0.26438543  0.00000000   -0.00721836  0.00843025
  0.00721836  0.00843025   -0.00721836 -0.00843025    0.31712881  0.00000000

     Dynamical  Matrix in cartesian axes

     q = (    0.750000000   0.250000000   0.750000000 ) 

    1    1
  0.26438543  0.00000000    0.00721836  0.00843025    0.00703776  0.00000000
  0.00721836 -0.00843025    0.31712881  0.00000000    0.00721836 -0.00843025
  0.00703776  0.00000000    0.00721836  0.00843025    0.26438543  0.00000000
    1    2
  0.06528538 -0.06403239   -0.04780346  0.04509978   -0.14913890 -0.04560584
 -0.04780346  0.04509978    0.08372381 -0.06207092   -0.04780346  0.04509978
 -0.14913890 -0.04560584   -0.04780346  0.04509978    0.06528538 -0.06403239
    2    1
  0.06528538  0.06403239   -0.04780346 -0.04509978   -0.14913890  0.04560584
 -0.04780346 -0.04509978    0.08372381  0.06207092   -0.04780346 -0.04509978
 -0.14913890  0.04560584   -0.04780346 -0.04509978    0.06528538  0.06403239
    2    2
  0.26438543  0.00000000    0.00721836 -0.00843025    0.00703776  0.00000000
  0.00721836  0.00843025    0.31712881  0.00000000    0.00721836  0.00843025
  0.00703776  0.00000000    0.00721836 -0.00843025    0.26438543  0.00000000

     Dynamical  Matrix in cartesian axes

     q = (   -0.750000000   0.250000000   0.750000000 ) 

    1    1
  0.26438543  0.00000000   -0.00721836  0.00843025   -0.00703776  0.00000000
 -0.00721836 -0.00843025    0.31712881  0.00000000    0.00721836  0.00843025
 -0.00703776  0.00000000    0.00721836 -0.00843025    0.26438543  0.00000000
    1    2
 -0.06528538 -0.06403239   -0.04780346 -0.04509978   -0.14913890  0.04560584
 -0.04780346 -0.04509978   -0.08372381 -0.06207092    0.04780346  0.04509978
 -0.14913890  0.04560584    0.04780346  0.04509978   -0.06528538 -0.06403239
    2    1
 -0.06528538  0.06403239   -0.04780346  0.04509978   -0.14913890 -0.04560584
 -0.04780346  0.04509978   -0.08372381  0.06207092    0.04780346 -0.04509978
 -0.14913890 -0.04560584    0.04780346 -0.04509978   -0.06528538  0.06403239
    2    2
  0.26438543  0.00000000   -0.00721836 -0.00843025   -0.00703776  0.00000000
 -0.00721836  0.00843025    0.31712881  0.00000000    0.00721836 -0.00843025
 -0.00703776  0.00000000    0.00721836  0.00843025    0.26438543  0.00000000

     Dynamical  Matrix in cartesian axes

     q = (    0.750000000   0.250000000  -0.750000000 ) 

    1    1
  0.26438543  0.00000000    0.00721836 -0.00843025   -0.00703776  0.00000000
  0.00721836  0.00843025    0.31712881  0.00000000   -0.00721836 -0.00843025
 -0.00703776  0.00000000   -0.00721836  0.00843025    0.26438543  0.00000000
    1    2
 -0.06528538 -0.06403239    0.04780346  0.04509978   -0.14913890  0.04560584
  0.04780346  0.04509978   -0.08372381 -0.06207092   -0.04780346 -0.04509978
 -0.14913890  0.04560584   -0.04780346 -0.04509978   -0.06528538 -0.06403239
    2    1
 -0.06528538  0.06403239    0.04780346 -0.04509978   -0.14913890 -0.04560584
  0.04780346 -0.04509978   -0.08372381  0.06207092   -0.04780346  0.04509978
 -0.14913890 -0.04560584   -0.04780346  0.04509978   -0.06528538  0.06403239
    2    2
  0.26438543  0.00000000    0.00721836  0.00843025   -0.00703776  0.00000000
  0.00721836 -0.00843025    0.31712881  0.00000000   -0.00721836  0.00843025
 -0.00703776  0.00000000   -0.00721836 -0.00843025    0.26438543  0.00000000

     Dynamical  Matrix in cartesian axes

     q = (   -0.750000000   0.750000000   0.250000000 ) 

    1    1
  0.26438543  0.00000000   -0.00703776  0.00000000   -0.00721836  0.00843025
 -0.00703776  0.00000000    0.26438543  0.00000000    0.00721836 -0.00843025
 -0.00721836 -0.00843025    0.00721836  0.00843025    0.31712881  0.00000000
    1    2
 -0.06528538 -0.06403239   -0.14913890  0.04560584   -0.04780346 -0.04509978
 -0.14913890  0.04560584   -0.06528538 -0.06403239    0.04780346  0.04509978
 -0.04780346 -0.04509978    0.04780346  0.04509978   -0.08372381 -0.06207092
    2    1
 -0.06528538  0.06403239   -0.14913890 -0.04560584   -0.04780346  0.04509978
 -0.14913890 -0.04560584   -0.06528538  0.06403239    0.04780346 -0.04509978
 -0.04780346  0.04509978    0.04780346 -0.04509978   -0.08372381  0.06207092
    2    2
  0.26438543  0.00000000   -0.00703776  0.00000000   -0.00721836 -0.00843025
 -0.00703776  0.00000000    0.26438543  0.00000000    0.00721836  0.00843025
 -0.00721836  0.00843025    0.00721836 -0.00843025    0.31712881  0.00000000

     Dynamical  Matrix in cartesian axes

     q = (   -0.250000000   0.750000000   0.750000000 ) 

    1    1
  0.31712881  0.00000000   -0.00721836 -0.00843025   -0.00721836 -0.00843025
 -0.00721836  0.00843025    0.26438543  0.00000000    0.00703776  0.00000000
 -0.00721836  0.00843025    0.00703776  0.00000000    0.26438543  0.00000000
    1    2
 -0.06207092  0.08372381   -0.04509978  0.04780346   -0.04509978  0.04780346
 -0.04509978  0.04780346   -0.06403239  0.06528538   -0.04560584 -0.14913890
 -0.04509978  0.04780346   -0.04560584 -0.14913890   -0.06403239  0.06528538
    2    1
 -0.06207092 -0.08372381   -0.04509978 -0.04780346   -0.04509978 -0.04780346
 -0.04509978 -0.04780346   -0.06403239 -0.06528538   -0.04560584  0.14913890
 -0.04509978 -0.04780346   -0.04560584  0.14913890   -0.06403239 -0.06528538
    2    2
  0.31712881  0.00000000   -0.00721836  0.00843025   -0.00721836  0.00843025
 -0.00721836 -0.00843025    0.26438543  0.00000000    0.00703776  0.00000000
 -0.00721836 -0.00843025    0.00703776  0.00000000    0.26438543  0.00000000

     Dynamical  Matrix in cartesian axes

     q = (    0.250000000   0.750000000  -0.750000000 ) 

    1    1
  0.31712881  0.00000000    0.00721836  0.00843025   -0.00721836 -0.00843025
  0.00721836 -0.00843025    0.26438543  0.00000000   -0.00703776  0.00000000
 -0.00721836  0.00843025   -0.00703776  0.00000000    0.26438543  0.00000000
    1    2
 -0.08372381 -0.06207092    0.04780346  0.04509978   -0.04780346 -0.04509978
  0.04780346  0.04509978   -0.06528538 -0.06403239   -0.14913890  0.04560584
 -0.04780346 -0.04509978   -0.14913890  0.04560584   -0.06528538 -0.06403239
    2    1
 -0.08372381  0.06207092    0.04780346 -0.04509978   -0.04780346  0.04509978
  0.04780346 -0.04509978   -0.06528538  0.06403239   -0.14913890 -0.04560584
 -0.04780346  0.04509978   -0.14913890 -0.04560584   -0.06528538  0.06403239
    2    2
  0.31712881  0.00000000    0.00721836 -0.00843025   -0.00721836  0.00843025
  0.00721836  0.00843025    0.26438543  0.00000000   -0.00703776  0.00000000
 -0.00721836 -0.00843025   -0.00703776  0.00000000    0.26438543  0.00000000

     Dynamical  Matrix in cartesian axes

     q = (   -0.250000000  -0.750000000  -0.750000000 ) 

    1    1
  0.31712881  0.00000000    0.00721836  0.00843025    0.00721836  0.00843025
  0.00721836 -0.00843025    0.26438543  0.00000000    0.00703776  0.00000000
  0.00721836 -0.00843025    0.00703776  0.00000000    0.26438543  0.00000000
    1    2
  0.08372381  0.06207092   -0.04780346 -0.04509978   -0.04780346 -0.04509978
 -0.04780346 -0.04509978    0.06528538  0.06403239   -0.14913890  0.04560584
 -0.04780346 -0.04509978   -0.14913890  0.04560584    0.06528538  0.06403239
    2    1
  0.08372381 -0.06207092   -0.04780346  0.04509978   -0.04780346  0.04509978
 -0.04780346  0.04509978    0.06528538 -0.06403239   -0.14913890 -0.04560584
 -0.04780346  0.04509978   -0.14913890 -0.04560584    0.06528538 -0.06403239
    2    2
  0.31712881  0.00000000    0.00721836 -0.00843025    0.00721836 -0.00843025
  0.00721836  0.00843025    0.26438543  0.00000000    0.00703776  0.00000000
  0.00721836  0.00843025    0.00703776  0.00000000    0.26438543  0.00000000

     Dynamical  Matrix in cartesian axes

     q = (    0.750000000   0.750000000  -0.250000000 ) 

    1    1
  0.26438543  0.00000000    0.00703776  0.00000000   -0.00721836  0.00843025
  0.00703776  0.00000000    0.26438543  0.00000000   -0.00721836  0.00843025
 -0.00721836 -0.00843025   -0.00721836 -0.00843025    0.31712881  0.00000000
    1    2
 -0.06403239  0.06528538   -0.04560584 -0.14913890   -0.04509978  0.04780346
 -0.04560584 -0.14913890   -0.06403239  0.06528538   -0.04509978  0.04780346
 -0.04509978  0.04780346   -0.04509978  0.04780346   -0.06207092  0.08372381
    2    1
 -0.06403239 -0.06528538   -0.04560584  0.14913890   -0.04509978 -0.04780346
 -0.04560584  0.14913890   -0.06403239 -0.06528538   -0.04509978 -0.04780346
 -0.04509978 -0.04780346   -0.04509978 -0.04780346   -0.06207092 -0.08372381
    2    2
  0.26438543  0.00000000    0.00703776  0.00000000   -0.00721836 -0.00843025
  0.00703776  0.00000000    0.26438543  0.00000000   -0.00721836 -0.00843025
 -0.00721836  0.00843025   -0.00721836  0.00843025    0.31712881  0.00000000

     Dynamical  Matrix in cartesian axes

     q = (    0.750000000  -0.750000000   0.250000000 ) 

    1    1
  0.26438543  0.00000000   -0.00703776  0.00000000    0.00721836 -0.00843025
 -0.00703776  0.00000000    0.26438543  0.00000000   -0.00721836  0.00843025
  0.00721836  0.00843025   -0.00721836 -0.00843025    0.31712881  0.00000000
    1    2
 -0.06528538 -0.06403239   -0.14913890  0.04560584    0.04780346  0.04509978
 -0.14913890  0.04560584   -0.06528538 -0.06403239   -0.04780346 -0.04509978
  0.04780346  0.04509978   -0.04780346 -0.04509978   -0.08372381 -0.06207092
    2    1
 -0.06528538  0.06403239   -0.14913890 -0.04560584    0.04780346 -0.04509978
 -0.14913890 -0.04560584   -0.06528538  0.06403239   -0.04780346  0.04509978
  0.04780346 -0.04509978   -0.04780346  0.04509978   -0.08372381  0.06207092
    2    2
  0.26438543  0.00000000   -0.00703776  0.00000000    0.00721836  0.00843025
 -0.00703776  0.00000000    0.26438543  0.00000000   -0.00721836 -0.00843025
  0.00721836 -0.00843025   -0.00721836  0.00843025    0.31712881  0.00000000

     Dynamical  Matrix in cartesian axes

     q = (   -0.750000000  -0.750000000  -0.250000000 ) 

    1    1
  0.26438543  0.00000000    0.00703776  0.00000000    0.00721836 -0.00843025
  0.00703776  0.00000000    0.26438543  0.00000000    0.00721836 -0.00843025
  0.00721836  0.00843025    0.00721836  0.00843025    0.31712881  0.00000000
    1    2
  0.06528538  0.06403239   -0.14913890  0.04560584   -0.04780346 -0.04509978
 -0.14913890  0.04560584    0.06528538  0.06403239   -0.04780346 -0.04509978
 -0.04780346 -0.04509978   -0.04780346 -0.04509978    0.08372381  0.06207092
    2    1
  0.06528538 -0.06403239   -0.14913890 -0.04560584   -0.04780346  0.04509978
 -0.14913890 -0.04560584    0.06528538 -0.06403239   -0.04780346  0.04509978
 -0.04780346  0.04509978   -0.04780346  0.04509978    0.08372381 -0.06207092
    2    2
  0.26438543  0.00000000    0.00703776  0.00000000    0.00721836  0.00843025
  0.00703776  0.00000000    0.26438543  0.00000000    0.00721836  0.00843025
  0.00721836 -0.00843025    0.00721836 -0.00843025    0.31712881  0.00000000

     Dynamical  Matrix in cartesian axes

     q = (    0.250000000  -0.750000000   0.750000000 ) 

    1    1
  0.31712881  0.00000000   -0.00721836 -0.00843025    0.00721836  0.00843025
 -0.00721836  0.00843025    0.26438543  0.00000000   -0.00703776  0.00000000
  0.00721836 -0.00843025   -0.00703776  0.00000000    0.26438543  0.00000000
    1    2
 -0.08372381 -0.06207092   -0.04780346 -0.04509978    0.04780346  0.04509978
 -0.04780346 -0.04509978   -0.06528538 -0.06403239   -0.14913890  0.04560584
  0.04780346  0.04509978   -0.14913890  0.04560584   -0.06528538 -0.06403239
    2    1
 -0.08372381  0.06207092   -0.04780346  0.04509978    0.04780346 -0.04509978
 -0.04780346  0.04509978   -0.06528538  0.06403239   -0.14913890 -0.04560584
  0.04780346 -0.04509978   -0.14913890 -0.04560584   -0.06528538  0.06403239
    2    2
  0.31712881  0.00000000   -0.00721836  0.00843025    0.00721836 -0.00843025
 -0.00721836 -0.00843025    0.26438543  0.00000000   -0.00703776  0.00000000
  0.00721836  0.00843025   -0.00703776  0.00000000    0.26438543  0.00000000

     Dynamical  Matrix in cartesian axes

     q = (   -0.750000000  -0.750000000   0.250000000 ) 

    1    1
  0.26438543  0.00000000    0.00703776  0.00000000   -0.00721836 -0.00843025
  0.00703776  0.00000000    0.26438543  0.00000000   -0.00721836 -0.00843025
 -0.00721836  0.00843025   -0.00721836  0.00843025    0.31712881  0.00000000
    1    2
 -0.06403239 -0.06528538   -0.04560584  0.14913890   -0.04509978 -0.04780346
 -0.04560584  0.14913890   -0.06403239 -0.06528538   -0.04509978 -0.04780346
 -0.04509978 -0.04780346   -0.04509978 -0.04780346   -0.06207092 -0.08372381
    2    1
 -0.06403239  0.06528538   -0.04560584 -0.14913890   -0.04509978  0.04780346
 -0.04560584 -0.14913890   -0.06403239  0.06528538   -0.04509978  0.04780346
 -0.04509978  0.04780346   -0.04509978  0.04780346   -0.06207092  0.08372381
    2    2
  0.26438543  0.00000000    0.00703776  0.00000000   -0.00721836  0.00843025
  0.00703776  0.00000000    0.26438543  0.00000000   -0.00721836  0.00843025
 -0.00721836 -0.00843025   -0.00721836 -0.00843025    0.31712881  0.00000000

     Dynamical  Matrix in cartesian axes

     q = (    0.250000000   0.750000000   0.750000000 ) 

    1    1
  0.31712881  0.00000000    0.00721836 -0.00843025    0.00721836 -0.00843025
  0.00721836  0.00843025    0.26438543  0.00000000    0.00703776  0.00000000
  0.00721836  0.00843025    0.00703776  0.00000000    0.26438543  0.00000000
    1    2
  0.08372381 -0.06207092   -0.04780346  0.04509978   -0.04780346  0.04509978
 -0.04780346  0.04509978    0.06528538 -0.06403239   -0.14913890 -0.04560584
 -0.04780346  0.04509978   -0.14913890 -0.04560584    0.06528538 -0.06403239
    2    1
  0.08372381  0.06207092   -0.04780346 -0.04509978   -0.04780346 -0.04509978
 -0.04780346 -0.04509978    0.06528538  0.06403239   -0.14913890  0.04560584
 -0.04780346 -0.04509978   -0.14913890  0.04560584    0.06528538  0.06403239
    2    2
  0.31712881  0.00000000    0.00721836  0.00843025    0.00721836  0.00843025
  0.00721836 -0.00843025    0.26438543  0.00000000    0.00703776  0.00000000
  0.00721836 -0.00843025    0.00703776  0.00000000    0.26438543  0.00000000

     Dynamical  Matrix in cartesian axes

     q = (   -0.250000000  -0.750000000   0.750000000 ) 

    1    1
  0.31712881  0.00000000    0.00721836 -0.00843025   -0.00721836  0.00843025
  0.00721836  0.00843025    0.26438543  0.00000000   -0.00703776  0.00000000
 -0.00721836 -0.00843025   -0.00703776  0.00000000    0.26438543  0.00000000
    1    2
 -0.08372381  0.06207092    0.04780346 -0.04509978   -0.04780346  0.04509978
  0.04780346 -0.04509978   -0.06528538  0.06403239   -0.14913890 -0.04560584
 -0.04780346  0.04509978   -0.14913890 -0.04560584   -0.06528538  0.06403239
    2    1
 -0.08372381 -0.06207092    0.04780346  0.04509978   -0.04780346 -0.04509978
  0.04780346  0.04509978   -0.06528538 -0.06403239   -0.14913890  0.04560584
 -0.04780346 -0.04509978   -0.14913890  0.04560584   -0.06528538 -0.06403239
    2    2
  0.31712881  0.00000000    0.00721836  0.00843025   -0.00721836 -0.00843025
  0.00721836 -0.00843025    0.26438543  0.00000000   -0.00703776  0.00000000
 -0.00721836  0.00843025   -0.00703776  0.00000000    0.26438543  0.00000000

     Dynamical  Matrix in cartesian axes

     q = (    0.750000000   0.750000000   0.250000000 ) 

    1    1
  0.26438543  0.00000000    0.00703776  0.00000000    0.00721836  0.00843025
  0.00703776  0.00000000    0.26438543  0.00000000    0.00721836  0.00843025
  0.00721836 -0.00843025    0.00721836 -0.00843025    0.31712881  0.00000000
    1    2
  0.06528538 -0.06403239   -0.14913890 -0.04560584   -0.04780346  0.04509978
 -0.14913890 -0.04560584    0.06528538 -0.06403239   -0.04780346  0.04509978
 -0.04780346  0.04509978   -0.04780346  0.04509978    0.08372381 -0.06207092
    2    1
  0.06528538  0.06403239   -0.14913890  0.04560584   -0.04780346 -0.04509978
 -0.14913890  0.04560584    0.06528538  0.06403239   -0.04780346 -0.04509978
 -0.04780346 -0.04509978   -0.04780346 -0.04509978    0.08372381  0.06207092
    2    2
  0.26438543  0.00000000    0.00703776  0.00000000    0.00721836 -0.00843025
  0.00703776  0.00000000    0.26438543  0.00000000    0.00721836 -0.00843025
  0.00721836  0.00843025    0.00721836  0.00843025    0.31712881  0.00000000

     Dynamical  Matrix in cartesian axes

     q = (    0.250000000  -0.750000000  -0.750000000 ) 

    1    1
  0.31712881  0.00000000   -0.00721836  0.00843025   -0.00721836  0.00843025
 -0.00721836 -0.00843025    0.26438543  0.00000000    0.00703776  0.00000000
 -0.00721836 -0.00843025    0.00703776  0.00000000    0.26438543  0.00000000
    1    2
 -0.06207092 -0.08372381   -0.04509978 -0.04780346   -0.04509978 -0.04780346
 -0.04509978 -0.04780346   -0.06403239 -0.06528538   -0.04560584  0.14913890
 -0.04509978 -0.04780346   -0.04560584  0.14913890   -0.06403239 -0.06528538
    2    1
 -0.06207092  0.08372381   -0.04509978  0.04780346   -0.04509978  0.04780346
 -0.04509978  0.04780346   -0.06403239  0.06528538   -0.04560584 -0.14913890
 -0.04509978  0.04780346   -0.04560584 -0.14913890   -0.06403239  0.06528538
    2    2
  0.31712881  0.00000000   -0.00721836 -0.00843025   -0.00721836 -0.00843025
 -0.00721836  0.00843025    0.26438543  0.00000000    0.00703776  0.00000000
 -0.00721836  0.00843025    0.00703776  0.00000000    0.26438543  0.00000000

     Dynamical  Matrix in cartesian axes

     q = (    0.750000000  -0.750000000  -0.250000000 ) 

    1    1
  0.26438543  0.00000000   -0.00703776  0.00000000   -0.00721836 -0.00843025
 -0.00703776  0.00000000    0.26438543  0.00000000    0.00721836  0.00843025
 -0.00721836  0.00843025    0.00721836 -0.00843025    0.31712881  0.00000000
    1    2
 -0.06528538  0.06403239   -0.14913890 -0.04560584   -0.04780346  0.04509978
 -0.14913890 -0.04560584   -0.06528538  0.06403239    0.04780346 -0.04509978
 -0.04780346  0.04509978    0.04780346 -0.04509978   -0.08372381  0.06207092
    2    1
 -0.06528538 -0.06403239   -0.14913890  0.04560584   -0.04780346 -0.04509978
 -0.14913890  0.04560584   -0.06528538 -0.06403239    0.04780346  0.04509978
 -0.04780346 -0.04509978    0.04780346  0.04509978   -0.08372381 -0.06207092
    2    2
  0.26438543  0.00000000   -0.00703776  0.00000000   -0.00721836  0.00843025
 -0.00703776  0.00000000    0.26438543  0.00000000    0.00721836 -0.00843025
 -0.00721836 -0.00843025    0.00721836  0.00843025    0.31712881  0.00000000

     Diagonalizing the dynamical matrix

     q = (    0.750000000  -0.250000000   0.750000000 ) 

 **************************************************************************
     freq (    1) =       4.220663 [THz] =     140.786168 [cm-1]
 (  0.042810 -0.498164  0.000000  0.000000 -0.042810  0.498164 ) 
 (  0.500000  0.000000 -0.000000  0.000000 -0.500000  0.000000 ) 
     freq (    2) =       5.983845 [THz] =     199.599590 [cm-1]
 ( -0.387333 -0.171254 -0.343684  0.152221 -0.387333 -0.171254 ) 
 ( -0.423504 -0.000000 -0.252776 -0.278197 -0.423504  0.000000 ) 
     freq (    3) =       9.667775 [THz] =     322.482253 [cm-1]
 (  0.129123 -0.282581  0.364635  0.417123  0.129123 -0.282581 ) 
 ( -0.310684  0.000000  0.227846  0.505011 -0.310684  0.000000 ) 
     freq (    4) =      12.536508 [THz] =     418.172879 [cm-1]
 (  0.051219  0.312079 -0.401999 -0.371971  0.051219  0.312079 ) 
 ( -0.316254 -0.000000  0.432167  0.336449 -0.316254  0.000000 ) 
     freq (    5) =      14.135085 [THz] =     471.495669 [cm-1]
 (  0.042810 -0.498164  0.000000 -0.000000 -0.042810  0.498164 ) 
 ( -0.500000 -0.000000 -0.000000 -0.000000  0.500000  0.000000 ) 
     freq (    6) =      14.534322 [THz] =     484.812795 [cm-1]
 ( -0.305783 -0.174928 -0.452475  0.216934 -0.305783 -0.174928 ) 
 (  0.352283  0.000000  0.285031  0.412979  0.352283  0.000000 ) 
 **************************************************************************
