Dynamical matrix file
                                                                           
  1    2  2 10.2693000  0.0000000  0.0000000  0.0000000  0.0000000  0.0000000
           1  'Si  '    25593.3543190742     
    1    1      0.0000000000      0.0000000000      0.0000000000
    2    1      0.2500000000      0.2500000000      0.2500000000

     Dynamical  Matrix in cartesian axes

     q = (    0.750000000  -0.250000000   0.750000000 ) 

    1    1
  0.25299129  0.00000000   -0.00621316  0.00777524    0.00608734  0.00000000
 -0.00621316 -0.00777524    0.30405064 -0.00000000   -0.00621316 -0.00777524
  0.00608734  0.00000000   -0.00621316  0.00777524    0.25299129  0.00000000
    1    2
 -0.06219643  0.06348998   -0.04386040  0.04641188   -0.04433044 -0.14492992
 -0.04386040  0.04641188   -0.06052287  0.08213833   -0.04386040  0.04641188
 -0.04433044 -0.14492992   -0.04386040  0.04641188   -0.06219643  0.06348998
    2    1
 -0.06219643 -0.06348998   -0.04386040 -0.04641188   -0.04433044  0.14492992
 -0.04386040 -0.04641188   -0.06052287 -0.08213833   -0.04386040 -0.04641188
 -0.04433044  0.14492992   -0.04386040 -0.04641188   -0.06219643 -0.06348998
    2    2
  0.25299129 -0.00000000   -0.00621316 -0.00777524    0.00608734 -0.00000000
 -0.00621316  0.00777524    0.30405064  0.00000000   -0.00621316  0.00777524
  0.00608734 -0.00000000   -0.00621316 -0.00777524    0.25299129 -0.00000000

     Dynamical  Matrix in cartesian axes

     q = (    0.750000000  -0.250000000  -0.750000000 ) 

    1    1
  0.25299129 -0.00000000   -0.00621316 -0.00777524   -0.00608734  0.00000000
 -0.00621316  0.00777524    0.30405064  0.00000000    0.00621316 -0.00777524
 -0.00608734  0.00000000    0.00621316  0.00777524    0.25299129 -0.00000000
    1    2
 -0.06348998  0.06219643   -0.04641188  0.04386040   -0.14492992 -0.04433044
 -0.04641188  0.04386040   -0.08213833  0.06052287    0.04641188 -0.04386040
 -0.14492992 -0.04433044    0.04641188 -0.04386040   -0.06348998  0.06219643
    2    1
 -0.06348998 -0.06219643   -0.04641188 -0.04386040   -0.14492992  0.04433044
 -0.04641188 -0.04386040   -0.08213833 -0.06052287    0.04641188  0.04386040
 -0.14492992  0.04433044    0.04641188  0.04386040   -0.06348998 -0.06219643
    2    2
  0.25299129  0.00000000   -0.00621316  0.00777524   -0.00608734 -0.00000000
 -0.00621316 -0.00777524    0.30405064 -0.00000000    0.00621316  0.00777524
 -0.00608734 -0.00000000    0.00621316 -0.00777524    0.25299129  0.00000000

     Dynamical  Matrix in cartesian axes

     q = (   -0.750000000  -0.250000000  -0.750000000 ) 

    1    1
  0.25299129  0.00000000    0.00621316 -0.00777524    0.00608734  0.00000000
  0.00621316  0.00777524    0.30405064 -0.00000000    0.00621316  0.00777524
  0.00608734  0.00000000    0.00621316 -0.00777524    0.25299129  0.00000000
    1    2
  0.06348998  0.06219643   -0.04641188 -0.04386040   -0.14492992  0.04433044
 -0.04641188 -0.04386040    0.08213833  0.06052287   -0.04641188 -0.04386040
 -0.14492992  0.04433044   -0.04641188 -0.04386040    0.06348998  0.06219643
    2    1
  0.06348998 -0.06219643   -0.04641188  0.04386040   -0.14492992 -0.04433044
 -0.04641188  0.04386040    0.08213833 -0.06052287   -0.04641188  0.04386040
 -0.14492992 -0.04433044   -0.04641188  0.04386040    0.06348998 -0.06219643
    2    2
  0.25299129 -0.00000000    0.00621316  0.00777524    0.00608734 -0.00000000
  0.00621316 -0.00777524    0.30405064  0.00000000    0.00621316 -0.00777524
  0.00608734 -0.00000000    0.00621316  0.00777524    0.25299129 -0.00000000

     Dynamical  Matrix in cartesian axes

     q = (   -0.750000000  -0.250000000   0.750000000 ) 

    1    1
  0.25299129 -0.00000000    0.00621316  0.00777524   -0.00608734  0.00000000
  0.00621316 -0.00777524    0.30405064  0.00000000   -0.00621316  0.00777524
 -0.00608734  0.00000000   -0.00621316 -0.00777524    0.25299129 -0.00000000
    1    2
 -0.06348998  0.06219643    0.04641188 -0.04386040   -0.14492992 -0.04433044
  0.04641188 -0.04386040   -0.08213833  0.06052287   -0.04641188  0.04386040
 -0.14492992 -0.04433044   -0.04641188  0.04386040   -0.06348998  0.06219643
    2    1
 -0.06348998 -0.06219643    0.04641188  0.04386040   -0.14492992  0.04433044
  0.04641188  0.04386040   -0.08213833 -0.06052287   -0.04641188 -0.04386040
 -0.14492992  0.04433044   -0.04641188 -0.04386040   -0.06348998 -0.06219643
    2    2
  0.25299129  0.00000000    0.00621316 -0.00777524   -0.00608734 -0.00000000
  0.00621316  0.00777524    0.30405064  0.00000000   -0.00621316 -0.00777524
 -0.00608734 -0.00000000   -0.00621316  0.00777524    0.25299129  0.00000000

     Dynamical  Matrix in cartesian axes

     q = (   -0.750000000   0.250000000  -0.750000000 ) 

    1    1
  0.25299129 -0.00000000   -0.00621316 -0.00777524    0.00608734 -0.00000000
 -0.00621316  0.00777524    0.30405064  0.00000000   -0.00621316  0.00777524
  0.00608734 -0.00000000   -0.00621316 -0.00777524    0.25299129 -0.00000000
    1    2
 -0.06219643 -0.06348998   -0.04386040 -0.04641188   -0.04433044  0.14492992
 -0.04386040 -0.04641188   -0.06052287 -0.08213833   -0.04386040 -0.04641188
 -0.04433044  0.14492992   -0.04386040 -0.04641188   -0.06219643 -0.06348998
    2    1
 -0.06219643  0.06348998   -0.04386040  0.04641188   -0.04433044 -0.14492992
 -0.04386040  0.04641188   -0.06052287  0.08213833   -0.04386040  0.04641188
 -0.04433044 -0.14492992   -0.04386040  0.04641188   -0.06219643  0.06348998
    2    2
  0.25299129  0.00000000   -0.00621316  0.00777524    0.00608734  0.00000000
 -0.00621316 -0.00777524    0.30405064 -0.00000000   -0.00621316 -0.00777524
  0.00608734  0.00000000   -0.00621316  0.00777524    0.25299129  0.00000000

     Dynamical  Matrix in cartesian axes

     q = (   -0.250000000   0.750000000  -0.750000000 ) 

    1    1
  0.30405064  0.00000000   -0.00621316  0.00777524    0.00621316 -0.00777524
 -0.00621316 -0.00777524    0.25299129 -0.00000000   -0.00608734  0.00000000
  0.00621316  0.00777524   -0.00608734  0.00000000    0.25299129 -0.00000000
    1    2
 -0.08213833  0.06052287   -0.04641188  0.04386040    0.04641188 -0.04386040
 -0.04641188  0.04386040   -0.06348998  0.06219643   -0.14492992 -0.04433044
  0.04641188 -0.04386040   -0.14492992 -0.04433044   -0.06348998  0.06219643
    2    1
 -0.08213833 -0.06052287   -0.04641188 -0.04386040    0.04641188  0.04386040
 -0.04641188 -0.04386040   -0.06348998 -0.06219643   -0.14492992  0.04433044
  0.04641188  0.04386040   -0.14492992  0.04433044   -0.06348998 -0.06219643
    2    2
  0.30405064 -0.00000000   -0.00621316 -0.00777524    0.00621316  0.00777524
 -0.00621316  0.00777524    0.25299129  0.00000000   -0.00608734 -0.00000000
  0.00621316 -0.00777524   -0.00608734 -0.00000000    0.25299129  0.00000000

     Dynamical  Matrix in cartesian axes

     q = (   -0.750000000   0.750000000  -0.250000000 ) 

    1    1
  0.25299129 -0.00000000   -0.00608734  0.00000000    0.00621316  0.00777524
 -0.00608734  0.00000000    0.25299129 -0.00000000   -0.00621316 -0.00777524
  0.00621316 -0.00777524   -0.00621316  0.00777524    0.30405064  0.00000000
    1    2
 -0.06348998  0.06219643   -0.14492992 -0.04433044    0.04641188 -0.04386040
 -0.14492992 -0.04433044   -0.06348998  0.06219643   -0.04641188  0.04386040
  0.04641188 -0.04386040   -0.04641188  0.04386040   -0.08213833  0.06052287
    2    1
 -0.06348998 -0.06219643   -0.14492992  0.04433044    0.04641188  0.04386040
 -0.14492992  0.04433044   -0.06348998 -0.06219643   -0.04641188 -0.04386040
  0.04641188  0.04386040   -0.04641188 -0.04386040   -0.08213833 -0.06052287
    2    2
  0.25299129  0.00000000   -0.00608734 -0.00000000    0.00621316 -0.00777524
 -0.00608734 -0.00000000    0.25299129  0.00000000   -0.00621316  0.00777524
  0.00621316  0.00777524   -0.00621316 -0.00777524    0.30405064 -0.00000000

     Dynamical  Matrix in cartesian axes

     q = (    0.750000000   0.250000000   0.750000000 ) 

    1    1
  0.25299129 -0.00000000    0.00621316  0.00777524    0.00608734 -0.00000000
  0.00621316 -0.00777524    0.30405064  0.00000000    0.00621316 -0.00777524
  0.00608734 -0.00000000    0.00621316  0.00777524    0.25299129 -0.00000000
    1    2
  0.06348998 -0.06219643   -0.04641188  0.04386040   -0.14492992 -0.04433044
 -0.04641188  0.04386040    0.08213833 -0.06052287   -0.04641188  0.04386040
 -0.14492992 -0.04433044   -0.04641188  0.04386040    0.06348998 -0.06219643
    2    1
  0.06348998  0.06219643   -0.04641188 -0.04386040   -0.14492992  0.04433044
 -0.04641188 -0.04386040    0.08213833  0.06052287   -0.04641188 -0.04386040
 -0.14492992  0.04433044   -0.04641188 -0.04386040    0.06348998  0.06219643
    2    2
  0.25299129  0.00000000    0.00621316 -0.00777524    0.00608734  0.00000000
  0.00621316  0.00777524    0.30405064 -0.00000000    0.00621316  0.00777524
  0.00608734  0.00000000    0.00621316 -0.00777524    0.25299129  0.00000000

     Dynamical  Matrix in cartesian axes

     q = (   -0.750000000   0.250000000   0.750000000 ) 

    1    1
  0.25299129  0.00000000   -0.00621316  0.00777524   -0.00608734 -0.00000000
 -0.00621316 -0.00777524    0.30405064 -0.00000000    0.00621316  0.00777524
 -0.00608734 -0.00000000    0.00621316 -0.00777524    0.25299129  0.00000000
    1    2
 -0.06348998 -0.06219643   -0.04641188 -0.04386040   -0.14492992  0.04433044
 -0.04641188 -0.04386040   -0.08213833 -0.06052287    0.04641188  0.04386040
 -0.14492992  0.04433044    0.04641188  0.04386040   -0.06348998 -0.06219643
    2    1
 -0.06348998  0.06219643   -0.04641188  0.04386040   -0.14492992 -0.04433044
 -0.04641188  0.04386040   -0.08213833  0.06052287    0.04641188 -0.04386040
 -0.14492992 -0.04433044    0.04641188 -0.04386040   -0.06348998  0.06219643
    2    2
  0.25299129 -0.00000000   -0.00621316 -0.00777524   -0.00608734  0.00000000
 -0.00621316  0.00777524    0.30405064  0.00000000    0.00621316 -0.00777524
 -0.00608734  0.00000000    0.00621316  0.00777524    0.25299129 -0.00000000

     Dynamical  Matrix in cartesian axes

     q = (    0.750000000   0.250000000  -0.750000000 ) 

    1    1
  0.25299129  0.00000000    0.00621316 -0.00777524   -0.00608734 -0.00000000
  0.00621316  0.00777524    0.30405064  0.00000000   -0.00621316 -0.00777524
 -0.00608734 -0.00000000   -0.00621316  0.00777524    0.25299129  0.00000000
    1    2
 -0.06348998 -0.06219643    0.04641188  0.04386040   -0.14492992  0.04433044
  0.04641188  0.04386040   -0.08213833 -0.06052287   -0.04641188 -0.04386040
 -0.14492992  0.04433044   -0.04641188 -0.04386040   -0.06348998 -0.06219643
    2    1
 -0.06348998  0.06219643    0.04641188 -0.04386040   -0.14492992 -0.04433044
  0.04641188 -0.04386040   -0.08213833  0.06052287   -0.04641188  0.04386040
 -0.14492992 -0.04433044   -0.04641188  0.04386040   -0.06348998  0.06219643
    2    2
  0.25299129 -0.00000000    0.00621316  0.00777524   -0.00608734  0.00000000
  0.00621316 -0.00777524    0.30405064  0.00000000   -0.00621316  0.00777524
 -0.00608734  0.00000000   -0.00621316 -0.00777524    0.25299129 -0.00000000

     Dynamical  Matrix in cartesian axes

     q = (   -0.750000000   0.750000000   0.250000000 ) 

    1    1
  0.25299129  0.00000000   -0.00608734 -0.00000000   -0.00621316  0.00777524
 -0.00608734 -0.00000000    0.25299129  0.00000000    0.00621316 -0.00777524
 -0.00621316 -0.00777524    0.00621316  0.00777524    0.30405064 -0.00000000
    1    2
 -0.06348998 -0.06219643   -0.14492992  0.04433044   -0.04641188 -0.04386040
 -0.14492992  0.04433044   -0.06348998 -0.06219643    0.04641188  0.04386040
 -0.04641188 -0.04386040    0.04641188  0.04386040   -0.08213833 -0.06052287
    2    1
 -0.06348998  0.06219643   -0.14492992 -0.04433044   -0.04641188  0.04386040
 -0.14492992 -0.04433044   -0.06348998  0.06219643    0.04641188 -0.04386040
 -0.04641188  0.04386040    0.04641188 -0.04386040   -0.08213833  0.06052287
    2    2
  0.25299129 -0.00000000   -0.00608734  0.00000000   -0.00621316 -0.00777524
 -0.00608734  0.00000000    0.25299129 -0.00000000    0.00621316  0.00777524
 -0.00621316  0.00777524    0.00621316 -0.00777524    0.30405064  0.00000000

     Dynamical  Matrix in cartesian axes

     q = (   -0.250000000   0.750000000   0.750000000 ) 

    1    1
  0.30405064 -0.00000000   -0.00621316 -0.00777524   -0.00621316 -0.00777524
 -0.00621316  0.00777524    0.25299129  0.00000000    0.00608734 -0.00000000
 -0.00621316  0.00777524    0.00608734  0.00000000    0.25299129  0.00000000
    1    2
 -0.06052287  0.08213833   -0.04386040  0.04641188   -0.04386040  0.04641188
 -0.04386040  0.04641188   -0.06219643  0.06348998   -0.04433044 -0.14492992
 -0.04386040  0.04641188   -0.04433044 -0.14492992   -0.06219643  0.06348998
    2    1
 -0.06052287 -0.08213833   -0.04386040 -0.04641188   -0.04386040 -0.04641188
 -0.04386040 -0.04641188   -0.06219643 -0.06348998   -0.04433044  0.14492992
 -0.04386040 -0.04641188   -0.04433044  0.14492992   -0.06219643 -0.06348998
    2    2
  0.30405064  0.00000000   -0.00621316  0.00777524   -0.00621316  0.00777524
 -0.00621316 -0.00777524    0.25299129 -0.00000000    0.00608734  0.00000000
 -0.00621316 -0.00777524    0.00608734 -0.00000000    0.25299129 -0.00000000

     Dynamical  Matrix in cartesian axes

     q = (    0.250000000   0.750000000  -0.750000000 ) 

    1    1
  0.30405064 -0.00000000    0.00621316  0.00777524   -0.00621316 -0.00777524
  0.00621316 -0.00777524    0.25299129  0.00000000   -0.00608734 -0.00000000
 -0.00621316  0.00777524   -0.00608734 -0.00000000    0.25299129  0.00000000
    1    2
 -0.08213833 -0.06052287    0.04641188  0.04386040   -0.04641188 -0.04386040
  0.04641188  0.04386040   -0.06348998 -0.06219643   -0.14492992  0.04433044
 -0.04641188 -0.04386040   -0.14492992  0.04433044   -0.06348998 -0.06219643
    2    1
 -0.08213833  0.06052287    0.04641188 -0.04386040   -0.04641188  0.04386040
  0.04641188 -0.04386040   -0.06348998  0.06219643   -0.14492992 -0.04433044
 -0.04641188  0.04386040   -0.14492992 -0.04433044   -0.06348998  0.06219643
    2    2
  0.30405064  0.00000000    0.00621316 -0.00777524   -0.00621316  0.00777524
  0.00621316  0.00777524    0.25299129 -0.00000000   -0.00608734  0.00000000
 -0.00621316 -0.00777524   -0.00608734  0.00000000    0.25299129 -0.00000000

     Dynamical  Matrix in cartesian axes

     q = (   -0.250000000  -0.750000000  -0.750000000 ) 

    1    1
  0.30405064 -0.00000000    0.00621316  0.00777524    0.00621316  0.00777524
  0.00621316 -0.00777524    0.25299129  0.00000000    0.00608734  0.00000000
  0.00621316 -0.00777524    0.00608734 -0.00000000    0.25299129  0.00000000
    1    2
  0.08213833  0.06052287   -0.04641188 -0.04386040   -0.04641188 -0.04386040
 -0.04641188 -0.04386040    0.06348998  0.06219643   -0.14492992  0.04433044
 -0.04641188 -0.04386040   -0.14492992  0.04433044    0.06348998  0.06219643
    2    1
  0.08213833 -0.06052287   -0.04641188  0.04386040   -0.04641188  0.04386040
 -0.04641188  0.04386040    0.06348998 -0.06219643   -0.14492992 -0.04433044
 -0.04641188  0.04386040   -0.14492992 -0.04433044    0.06348998 -0.06219643
    2    2
  0.30405064  0.00000000    0.00621316 -0.00777524    0.00621316 -0.00777524
  0.00621316  0.00777524    0.25299129 -0.00000000    0.00608734 -0.00000000
  0.00621316  0.00777524    0.00608734  0.00000000    0.25299129 -0.00000000

     Dynamical  Matrix in cartesian axes

     q = (    0.750000000   0.750000000  -0.250000000 ) 

    1    1
  0.25299129  0.00000000    0.00608734  0.00000000   -0.00621316  0.00777524
  0.00608734  0.00000000    0.25299129  0.00000000   -0.00621316  0.00777524
 -0.00621316 -0.00777524   -0.00621316 -0.00777524    0.30405064 -0.00000000
    1    2
 -0.06219643  0.06348998   -0.04433044 -0.14492992   -0.04386040  0.04641188
 -0.04433044 -0.14492992   -0.06219643  0.06348998   -0.04386040  0.04641188
 -0.04386040  0.04641188   -0.04386040  0.04641188   -0.06052287  0.08213833
    2    1
 -0.06219643 -0.06348998   -0.04433044  0.14492992   -0.04386040 -0.04641188
 -0.04433044  0.14492992   -0.06219643 -0.06348998   -0.04386040 -0.04641188
 -0.04386040 -0.04641188   -0.04386040 -0.04641188   -0.06052287 -0.08213833
    2    2
  0.25299129 -0.00000000    0.00608734 -0.00000000   -0.00621316 -0.00777524
  0.00608734 -0.00000000    0.25299129 -0.00000000   -0.00621316 -0.00777524
 -0.00621316  0.00777524   -0.00621316  0.00777524    0.30405064  0.00000000

     Dynamical  Matrix in cartesian axes

     q = (    0.750000000  -0.750000000   0.250000000 ) 

    1    1
  0.25299129  0.00000000   -0.00608734 -0.00000000    0.00621316 -0.00777524
 -0.00608734 -0.00000000    0.25299129  0.00000000   -0.00621316  0.00777524
  0.00621316  0.00777524   -0.00621316 -0.00777524    0.30405064 -0.00000000
    1    2
 -0.06348998 -0.06219643   -0.14492992  0.04433044    0.04641188  0.04386040
 -0.14492992  0.04433044   -0.06348998 -0.06219643   -0.04641188 -0.04386040
  0.04641188  0.04386040   -0.04641188 -0.04386040   -0.08213833 -0.06052287
    2    1
 -0.06348998  0.06219643   -0.14492992 -0.04433044    0.04641188 -0.04386040
 -0.14492992 -0.04433044   -0.06348998  0.06219643   -0.04641188  0.04386040
  0.04641188 -0.04386040   -0.04641188  0.04386040   -0.08213833  0.06052287
    2    2
  0.25299129 -0.00000000   -0.00608734  0.00000000    0.00621316  0.00777524
 -0.00608734  0.00000000    0.25299129 -0.00000000   -0.00621316 -0.00777524
  0.00621316 -0.00777524   -0.00621316  0.00777524    0.30405064  0.00000000

     Dynamical  Matrix in cartesian axes

     q = (   -0.750000000  -0.750000000  -0.250000000 ) 

    1    1
  0.25299129  0.00000000    0.00608734  0.00000000    0.00621316 -0.00777524
  0.00608734  0.00000000    0.25299129  0.00000000    0.00621316 -0.00777524
  0.00621316  0.00777524    0.00621316  0.00777524    0.30405064 -0.00000000
    1    2
  0.06348998  0.06219643   -0.14492992  0.04433044   -0.04641188 -0.04386040
 -0.14492992  0.04433044    0.06348998  0.06219643   -0.04641188 -0.04386040
 -0.04641188 -0.04386040   -0.04641188 -0.04386040    0.08213833  0.06052287
    2    1
  0.06348998 -0.06219643   -0.14492992 -0.04433044   -0.04641188  0.04386040
 -0.14492992 -0.04433044    0.06348998 -0.06219643   -0.04641188  0.04386040
 -0.04641188  0.04386040   -0.04641188  0.04386040    0.08213833 -0.06052287
    2    2
  0.25299129 -0.00000000    0.00608734 -0.00000000    0.00621316  0.00777524
  0.00608734 -0.00000000    0.25299129 -0.00000000    0.00621316  0.00777524
  0.00621316 -0.00777524    0.00621316 -0.00777524    0.30405064  0.00000000

     Dynamical  Matrix in cartesian axes

     q = (    0.250000000  -0.750000000   0.750000000 ) 

    1    1
  0.30405064 -0.00000000   -0.00621316 -0.00777524    0.00621316  0.00777524
 -0.00621316  0.00777524    0.25299129  0.00000000   -0.00608734 -0.00000000
  0.00621316 -0.00777524   -0.00608734 -0.00000000    0.25299129  0.00000000
    1    2
 -0.08213833 -0.06052287   -0.04641188 -0.04386040    0.04641188  0.04386040
 -0.04641188 -0.04386040   -0.06348998 -0.06219643   -0.14492992  0.04433044
  0.04641188  0.04386040   -0.14492992  0.04433044   -0.06348998 -0.06219643
    2    1
 -0.08213833  0.06052287   -0.04641188  0.04386040    0.04641188 -0.04386040
 -0.04641188  0.04386040   -0.06348998  0.06219643   -0.14492992 -0.04433044
  0.04641188 -0.04386040   -0.14492992 -0.04433044   -0.06348998  0.06219643
    2    2
  0.30405064  0.00000000   -0.00621316  0.00777524    0.00621316 -0.00777524
 -0.00621316 -0.00777524    0.25299129 -0.00000000   -0.00608734  0.00000000
  0.00621316  0.00777524   -0.00608734  0.00000000    0.25299129 -0.00000000

     Dynamical  Matrix in cartesian axes

     q = (   -0.750000000  -0.750000000   0.250000000 ) 

    1    1
  0.25299129 -0.00000000    0.00608734 -0.00000000   -0.00621316 -0.00777524
  0.00608734 -0.00000000    0.25299129 -0.00000000   -0.00621316 -0.00777524
 -0.00621316  0.00777524   -0.00621316  0.00777524    0.30405064  0.00000000
    1    2
 -0.06219643 -0.06348998   -0.04433044  0.14492992   -0.04386040 -0.04641188
 -0.04433044  0.14492992   -0.06219643 -0.06348998   -0.04386040 -0.04641188
 -0.04386040 -0.04641188   -0.04386040 -0.04641188   -0.06052287 -0.08213833
    2    1
 -0.06219643  0.06348998   -0.04433044 -0.14492992   -0.04386040  0.04641188
 -0.04433044 -0.14492992   -0.06219643  0.06348998   -0.04386040  0.04641188
 -0.04386040  0.04641188   -0.04386040  0.04641188   -0.06052287  0.08213833
    2    2
  0.25299129  0.00000000    0.00608734  0.00000000   -0.00621316  0.00777524
  0.00608734  0.00000000    0.25299129  0.00000000   -0.00621316  0.00777524
 -0.00621316 -0.00777524   -0.00621316 -0.00777524    0.30405064 -0.00000000

     Dynamical  Matrix in cartesian axes

     q = (    0.250000000   0.750000000   0.750000000 ) 

    1    1
  0.30405064  0.00000000    0.00621316 -0.00777524    0.00621316 -0.00777524
  0.00621316  0.00777524    0.25299129 -0.00000000    0.00608734 -0.00000000
  0.00621316  0.00777524    0.00608734  0.00000000    0.25299129 -0.00000000
    1    2
  0.08213833 -0.06052287   -0.04641188  0.04386040   -0.04641188  0.04386040
 -0.04641188  0.04386040    0.06348998 -0.06219643   -0.14492992 -0.04433044
 -0.04641188  0.04386040   -0.14492992 -0.04433044    0.06348998 -0.06219643
    2    1
  0.08213833  0.06052287   -0.04641188 -0.04386040   -0.04641188 -0.04386040
 -0.04641188 -0.04386040    0.06348998  0.06219643   -0.14492992  0.04433044
 -0.04641188 -0.04386040   -0.14492992  0.04433044    0.06348998  0.06219643
    2    2
  0.30405064 -0.00000000    0.00621316  0.00777524    0.00621316  0.00777524
  0.00621316 -0.00777524    0.25299129  0.00000000    0.00608734  0.00000000
  0.00621316 -0.00777524    0.00608734 -0.00000000    0.25299129  0.00000000

     Dynamical  Matrix in cartesian axes

     q = (   -0.250000000  -0.750000000   0.750000000 ) 

    1    1
  0.30405064  0.00000000    0.00621316 -0.00777524   -0.00621316  0.00777524
  0.00621316  0.00777524    0.25299129 -0.00000000   -0.00608734  0.00000000
 -0.00621316 -0.00777524   -0.00608734  0.00000000    0.25299129 -0.00000000
    1    2
 -0.08213833  0.06052287    0.04641188 -0.04386040   -0.04641188  0.04386040
  0.04641188 -0.04386040   -0.06348998  0.06219643   -0.14492992 -0.04433044
 -0.04641188  0.04386040   -0.14492992 -0.04433044   -0.06348998  0.06219643
    2    1
 -0.08213833 -0.06052287    0.04641188  0.04386040   -0.04641188 -0.04386040
  0.04641188  0.04386040   -0.06348998 -0.06219643   -0.14492992  0.04433044
 -0.04641188 -0.04386040   -0.14492992  0.04433044   -0.06348998 -0.06219643
    2    2
  0.30405064 -0.00000000    0.00621316  0.00777524   -0.00621316 -0.00777524
  0.00621316 -0.00777524    0.25299129  0.00000000   -0.00608734 -0.00000000
 -0.00621316  0.00777524   -0.00608734 -0.00000000    0.25299129  0.00000000

     Dynamical  Matrix in cartesian axes

     q = (    0.750000000   0.750000000   0.250000000 ) 

    1    1
  0.25299129 -0.00000000    0.00608734 -0.00000000    0.00621316  0.00777524
  0.00608734 -0.00000000    0.25299129 -0.00000000    0.00621316  0.00777524
  0.00621316 -0.00777524    0.00621316 -0.00777524    0.30405064  0.00000000
    1    2
  0.06348998 -0.06219643   -0.14492992 -0.04433044   -0.04641188  0.04386040
 -0.14492992 -0.04433044    0.06348998 -0.06219643   -0.04641188  0.04386040
 -0.04641188  0.04386040   -0.04641188  0.04386040    0.08213833 -0.06052287
    2    1
  0.06348998  0.06219643   -0.14492992  0.04433044   -0.04641188 -0.04386040
 -0.14492992  0.04433044    0.06348998  0.06219643   -0.04641188 -0.04386040
 -0.04641188 -0.04386040   -0.04641188 -0.04386040    0.08213833  0.06052287
    2    2
  0.25299129  0.00000000    0.00608734  0.00000000    0.00621316 -0.00777524
  0.00608734  0.00000000    0.25299129  0.00000000    0.00621316 -0.00777524
  0.00621316  0.00777524    0.00621316  0.00777524    0.30405064 -0.00000000

     Dynamical  Matrix in cartesian axes

     q = (    0.250000000  -0.750000000  -0.750000000 ) 

    1    1
  0.30405064  0.00000000   -0.00621316  0.00777524   -0.00621316  0.00777524
 -0.00621316 -0.00777524    0.25299129 -0.00000000    0.00608734  0.00000000
 -0.00621316 -0.00777524    0.00608734 -0.00000000    0.25299129 -0.00000000
    1    2
 -0.06052287 -0.08213833   -0.04386040 -0.04641188   -0.04386040 -0.04641188
 -0.04386040 -0.04641188   -0.06219643 -0.06348998   -0.04433044  0.14492992
 -0.04386040 -0.04641188   -0.04433044  0.14492992   -0.06219643 -0.06348998
    2    1
 -0.06052287  0.08213833   -0.04386040  0.04641188   -0.04386040  0.04641188
 -0.04386040  0.04641188   -0.06219643  0.06348998   -0.04433044 -0.14492992
 -0.04386040  0.04641188   -0.04433044 -0.14492992   -0.06219643  0.06348998
    2    2
  0.30405064 -0.00000000   -0.00621316 -0.00777524   -0.00621316 -0.00777524
 -0.00621316  0.00777524    0.25299129  0.00000000    0.00608734 -0.00000000
 -0.00621316  0.00777524    0.00608734  0.00000000    0.25299129  0.00000000

     Dynamical  Matrix in cartesian axes

     q = (    0.750000000  -0.750000000  -0.250000000 ) 

    1    1
  0.25299129 -0.00000000   -0.00608734  0.00000000   -0.00621316 -0.00777524
 -0.00608734  0.00000000    0.25299129 -0.00000000    0.00621316  0.00777524
 -0.00621316  0.00777524    0.00621316 -0.00777524    0.30405064  0.00000000
    1    2
 -0.06348998  0.06219643   -0.14492992 -0.04433044   -0.04641188  0.04386040
 -0.14492992 -0.04433044   -0.06348998  0.06219643    0.04641188 -0.04386040
 -0.04641188  0.04386040    0.04641188 -0.04386040   -0.08213833  0.06052287
    2    1
 -0.06348998 -0.06219643   -0.14492992  0.04433044   -0.04641188 -0.04386040
 -0.14492992  0.04433044   -0.06348998 -0.06219643    0.04641188  0.04386040
 -0.04641188 -0.04386040    0.04641188  0.04386040   -0.08213833 -0.06052287
    2    2
  0.25299129  0.00000000   -0.00608734 -0.00000000   -0.00621316  0.00777524
 -0.00608734 -0.00000000    0.25299129  0.00000000    0.00621316 -0.00777524
 -0.00621316 -0.00777524    0.00621316  0.00777524    0.30405064 -0.00000000

     Diagonalizing the dynamical matrix

     q = (    0.750000000  -0.250000000   0.750000000 ) 

 **************************************************************************
     omega( 1) =       3.993886 [THz] =     133.221683 [cm-1]
 (  0.042704 -0.498173 -0.000000  0.000000 -0.042704  0.498173 ) 
 (  0.500000  0.000000 -0.000000  0.000000 -0.500000  0.000000 ) 
     omega( 2) =       5.737314 [THz] =     191.376204 [cm-1]
 ( -0.386329 -0.174898 -0.341918  0.153013 -0.386329 -0.174898 ) 
 ( -0.424075 -0.000000 -0.248378 -0.280409 -0.424075  0.000000 ) 
     omega( 3) =       9.432236 [THz] =     314.625537 [cm-1]
 (  0.128225 -0.280437  0.367288  0.418242  0.128225 -0.280437 ) 
 ( -0.308361  0.000000  0.227640  0.507944 -0.308361  0.000000 ) 
     omega( 4) =      12.275556 [THz] =     409.468474 [cm-1]
 (  0.054116  0.315957 -0.398873 -0.367948  0.054116  0.315957 ) 
 ( -0.320557  0.000000  0.430004  0.331032 -0.320557  0.000000 ) 
     omega( 5) =      13.887876 [THz] =     463.249696 [cm-1]
 (  0.042704 -0.498173  0.000000 -0.000000 -0.042704  0.498173 ) 
 ( -0.500000  0.000000 -0.000000 -0.000000  0.500000  0.000000 ) 
     omega( 6) =      14.272538 [THz] =     476.080624 [cm-1]
 ( -0.305788 -0.169737 -0.456351  0.217049 -0.305788 -0.169737 ) 
 (  0.349738 -0.000000  0.293663  0.411252  0.349738  0.000000 ) 
 **************************************************************************
