Dynamical matrix file
                                                                           
  1    2  2 10.2693000  0.0000000  0.0000000  0.0000000  0.0000000  0.0000000
           1  'Si  '    25593.3543190742     
    1    1      0.0000000000      0.0000000000      0.0000000000
    2    1      0.2500000000      0.2500000000      0.2500000000

     Dynamical  Matrix in cartesian axes

     q = (   -0.250000000   0.250000000  -0.250000000 ) 

    1    1
  0.27692403  0.00000000   -0.01150567 -0.00000000    0.01150567  0.00000000
 -0.01150567 -0.00000000    0.27692403  0.00000000   -0.01150567 -0.00000000
  0.01150567  0.00000000   -0.01150567 -0.00000000    0.27692403  0.00000000
    1    2
 -0.20593658 -0.06012314   -0.04131310  0.04269556    0.04131310 -0.04269556
 -0.04131310  0.04269556   -0.20593658 -0.06012314   -0.04131310  0.04269556
  0.04131310 -0.04269556   -0.04131310  0.04269556   -0.20593658 -0.06012314
    2    1
 -0.20593658  0.06012314   -0.04131310 -0.04269556    0.04131310  0.04269556
 -0.04131310 -0.04269556   -0.20593658  0.06012314   -0.04131310 -0.04269556
  0.04131310  0.04269556   -0.04131310 -0.04269556   -0.20593658  0.06012314
    2    2
  0.27692403 -0.00000000   -0.01150567  0.00000000    0.01150567 -0.00000000
 -0.01150567  0.00000000    0.27692403 -0.00000000   -0.01150567  0.00000000
  0.01150567  0.00000000   -0.01150567  0.00000000    0.27692403  0.00000000

     Dynamical  Matrix in cartesian axes

     q = (    0.250000000  -0.250000000  -0.250000000 ) 

    1    1
  0.27692403  0.00000000   -0.01150567 -0.00000000   -0.01150567 -0.00000000
 -0.01150567 -0.00000000    0.27692403  0.00000000    0.01150567  0.00000000
 -0.01150567 -0.00000000    0.01150567  0.00000000    0.27692403  0.00000000
    1    2
 -0.20593658 -0.06012314   -0.04131310  0.04269556   -0.04131310  0.04269556
 -0.04131310  0.04269556   -0.20593658 -0.06012314    0.04131310 -0.04269556
 -0.04131310  0.04269556    0.04131310 -0.04269556   -0.20593658 -0.06012314
    2    1
 -0.20593658  0.06012314   -0.04131310 -0.04269556   -0.04131310 -0.04269556
 -0.04131310 -0.04269556   -0.20593658  0.06012314    0.04131310  0.04269556
 -0.04131310 -0.04269556    0.04131310  0.04269556   -0.20593658  0.06012314
    2    2
  0.27692403 -0.00000000   -0.01150567  0.00000000   -0.01150567  0.00000000
 -0.01150567  0.00000000    0.27692403 -0.00000000    0.01150567 -0.00000000
 -0.01150567  0.00000000    0.01150567 -0.00000000    0.27692403 -0.00000000

     Dynamical  Matrix in cartesian axes

     q = (    0.250000000  -0.250000000   0.250000000 ) 

    1    1
  0.27692403 -0.00000000   -0.01150567  0.00000000    0.01150567 -0.00000000
 -0.01150567  0.00000000    0.27692403 -0.00000000   -0.01150567  0.00000000
  0.01150567 -0.00000000   -0.01150567  0.00000000    0.27692403 -0.00000000
    1    2
 -0.20593658  0.06012314   -0.04131310 -0.04269556    0.04131310  0.04269556
 -0.04131310 -0.04269556   -0.20593658  0.06012314   -0.04131310 -0.04269556
  0.04131310  0.04269556   -0.04131310 -0.04269556   -0.20593658  0.06012314
    2    1
 -0.20593658 -0.06012314   -0.04131310  0.04269556    0.04131310 -0.04269556
 -0.04131310  0.04269556   -0.20593658 -0.06012314   -0.04131310  0.04269556
  0.04131310 -0.04269556   -0.04131310  0.04269556   -0.20593658 -0.06012314
    2    2
  0.27692403  0.00000000   -0.01150567 -0.00000000    0.01150567  0.00000000
 -0.01150567 -0.00000000    0.27692403  0.00000000   -0.01150567 -0.00000000
  0.01150567  0.00000000   -0.01150567 -0.00000000    0.27692403  0.00000000

     Dynamical  Matrix in cartesian axes

     q = (    0.250000000   0.250000000   0.250000000 ) 

    1    1
  0.27692403  0.00000000    0.01150567  0.00000000    0.01150567  0.00000000
  0.01150567  0.00000000    0.27692403  0.00000000    0.01150567  0.00000000
  0.01150567  0.00000000    0.01150567  0.00000000    0.27692403  0.00000000
    1    2
 -0.06012314  0.20593658   -0.04269556 -0.04131310   -0.04269556 -0.04131310
 -0.04269556 -0.04131310   -0.06012314  0.20593658   -0.04269556 -0.04131310
 -0.04269556 -0.04131310   -0.04269556 -0.04131310   -0.06012314  0.20593658
    2    1
 -0.06012314 -0.20593658   -0.04269556  0.04131310   -0.04269556  0.04131310
 -0.04269556  0.04131310   -0.06012314 -0.20593658   -0.04269556  0.04131310
 -0.04269556  0.04131310   -0.04269556  0.04131310   -0.06012314 -0.20593658
    2    2
  0.27692403 -0.00000000    0.01150567 -0.00000000    0.01150567 -0.00000000
  0.01150567 -0.00000000    0.27692403 -0.00000000    0.01150567 -0.00000000
  0.01150567 -0.00000000    0.01150567 -0.00000000    0.27692403 -0.00000000

     Dynamical  Matrix in cartesian axes

     q = (   -0.250000000  -0.250000000  -0.250000000 ) 

    1    1
  0.27692403 -0.00000000    0.01150567 -0.00000000    0.01150567 -0.00000000
  0.01150567 -0.00000000    0.27692403 -0.00000000    0.01150567 -0.00000000
  0.01150567 -0.00000000    0.01150567 -0.00000000    0.27692403 -0.00000000
    1    2
 -0.06012314 -0.20593658   -0.04269556  0.04131310   -0.04269556  0.04131310
 -0.04269556  0.04131310   -0.06012314 -0.20593658   -0.04269556  0.04131310
 -0.04269556  0.04131310   -0.04269556  0.04131310   -0.06012314 -0.20593658
    2    1
 -0.06012314  0.20593658   -0.04269556 -0.04131310   -0.04269556 -0.04131310
 -0.04269556 -0.04131310   -0.06012314  0.20593658   -0.04269556 -0.04131310
 -0.04269556 -0.04131310   -0.04269556 -0.04131310   -0.06012314  0.20593658
    2    2
  0.27692403  0.00000000    0.01150567  0.00000000    0.01150567  0.00000000
  0.01150567  0.00000000    0.27692403  0.00000000    0.01150567  0.00000000
  0.01150567  0.00000000    0.01150567  0.00000000    0.27692403  0.00000000

     Dynamical  Matrix in cartesian axes

     q = (   -0.250000000  -0.250000000   0.250000000 ) 

    1    1
  0.27692403  0.00000000    0.01150567  0.00000000   -0.01150567 -0.00000000
  0.01150567  0.00000000    0.27692403  0.00000000   -0.01150567 -0.00000000
 -0.01150567 -0.00000000   -0.01150567 -0.00000000    0.27692403  0.00000000
    1    2
 -0.20593658 -0.06012314    0.04131310 -0.04269556   -0.04131310  0.04269556
  0.04131310 -0.04269556   -0.20593658 -0.06012314   -0.04131310  0.04269556
 -0.04131310  0.04269556   -0.04131310  0.04269556   -0.20593658 -0.06012314
    2    1
 -0.20593658  0.06012314    0.04131310  0.04269556   -0.04131310 -0.04269556
  0.04131310  0.04269556   -0.20593658  0.06012314   -0.04131310 -0.04269556
 -0.04131310 -0.04269556   -0.04131310 -0.04269556   -0.20593658  0.06012314
    2    2
  0.27692403 -0.00000000    0.01150567 -0.00000000   -0.01150567  0.00000000
  0.01150567 -0.00000000    0.27692403 -0.00000000   -0.01150567  0.00000000
 -0.01150567  0.00000000   -0.01150567  0.00000000    0.27692403 -0.00000000

     Dynamical  Matrix in cartesian axes

     q = (   -0.250000000   0.250000000   0.250000000 ) 

    1    1
  0.27692403 -0.00000000   -0.01150567  0.00000000   -0.01150567  0.00000000
 -0.01150567  0.00000000    0.27692403 -0.00000000    0.01150567 -0.00000000
 -0.01150567  0.00000000    0.01150567 -0.00000000    0.27692403 -0.00000000
    1    2
 -0.20593658  0.06012314   -0.04131310 -0.04269556   -0.04131310 -0.04269556
 -0.04131310 -0.04269556   -0.20593658  0.06012314    0.04131310  0.04269556
 -0.04131310 -0.04269556    0.04131310  0.04269556   -0.20593658  0.06012314
    2    1
 -0.20593658 -0.06012314   -0.04131310  0.04269556   -0.04131310  0.04269556
 -0.04131310  0.04269556   -0.20593658 -0.06012314    0.04131310 -0.04269556
 -0.04131310  0.04269556    0.04131310 -0.04269556   -0.20593658 -0.06012314
    2    2
  0.27692403  0.00000000   -0.01150567 -0.00000000   -0.01150567 -0.00000000
 -0.01150567 -0.00000000    0.27692403  0.00000000    0.01150567  0.00000000
 -0.01150567 -0.00000000    0.01150567  0.00000000    0.27692403  0.00000000

     Dynamical  Matrix in cartesian axes

     q = (    0.250000000   0.250000000  -0.250000000 ) 

    1    1
  0.27692403 -0.00000000    0.01150567 -0.00000000   -0.01150567  0.00000000
  0.01150567 -0.00000000    0.27692403 -0.00000000   -0.01150567  0.00000000
 -0.01150567  0.00000000   -0.01150567  0.00000000    0.27692403 -0.00000000
    1    2
 -0.20593658  0.06012314    0.04131310  0.04269556   -0.04131310 -0.04269556
  0.04131310  0.04269556   -0.20593658  0.06012314   -0.04131310 -0.04269556
 -0.04131310 -0.04269556   -0.04131310 -0.04269556   -0.20593658  0.06012314
    2    1
 -0.20593658 -0.06012314    0.04131310 -0.04269556   -0.04131310  0.04269556
  0.04131310 -0.04269556   -0.20593658 -0.06012314   -0.04131310  0.04269556
 -0.04131310  0.04269556   -0.04131310  0.04269556   -0.20593658 -0.06012314
    2    2
  0.27692403  0.00000000    0.01150567  0.00000000   -0.01150567 -0.00000000
  0.01150567  0.00000000    0.27692403  0.00000000   -0.01150567 -0.00000000
 -0.01150567 -0.00000000   -0.01150567 -0.00000000    0.27692403  0.00000000

     Diagonalizing the dynamical matrix

     q = (   -0.250000000   0.250000000  -0.250000000 ) 

 **************************************************************************
     omega( 1) =       2.724676 [THz] =      90.885393 [cm-1]
 (  0.530966  0.048158  0.456434  0.042905 -0.074532 -0.005253 ) 
 (  0.533038  0.010706  0.458321  0.010706 -0.074717  0.000000 ) 
     omega( 2) =       2.724676 [THz] =      90.885393 [cm-1]
 (  0.221106  0.014184 -0.349972 -0.026069 -0.571078 -0.040253 ) 
 (  0.221556 -0.001397 -0.350939 -0.001397 -0.572495  0.000000 ) 
     omega( 3) =       6.795531 [THz] =     226.674517 [cm-1]
 (  0.263933  0.311458 -0.263933 -0.311458  0.263933  0.311458 ) 
 (  0.408248 -0.000000 -0.408248  0.000000  0.408248  0.000000 ) 
     omega( 4) =      14.404771 [THz] =     480.491446 [cm-1]
 (  0.263933  0.311458 -0.263933 -0.311458  0.263933  0.311458 ) 
 ( -0.408248  0.000000  0.408248 -0.000000 -0.408248  0.000000 ) 
     omega( 5) =      14.732933 [THz] =     491.437758 [cm-1]
 (  0.287950  0.020223 -0.287971 -0.020371 -0.575921 -0.040594 ) 
 ( -0.288660  0.000073  0.288691  0.000073  0.577350  0.000000 ) 
     omega( 6) =      14.732933 [THz] =     491.437758 [cm-1]
 ( -0.069614 -0.495139 -0.069528 -0.495133  0.000086  0.000006 ) 
 (  0.104255  0.489019  0.104169  0.489019 -0.000086  0.000000 ) 
 **************************************************************************
