Dynamical matrix file
                                                                           
  1    2  2 10.2693000  0.0000000  0.0000000  0.0000000  0.0000000  0.0000000
           1  'Si  '    25593.354319074209     
    1    1      0.0000000000      0.0000000000      0.0000000000
    2    1      0.2500000000      0.2500000000      0.2500000000

     Dynamical  Matrix in cartesian axes

     q = (    0.500000000   0.000000000   0.500000000 ) 

    1    1
  0.26316882  0.00000000    0.00000000  0.00699573    0.01009057  0.00000000
  0.00000000 -0.00699573    0.28044625  0.00000000    0.00000000 -0.00699573
  0.01009057  0.00000000    0.00000000  0.00699573    0.26316882  0.00000000
    1    2
  0.00000000  0.12414459   -0.09162155  0.00000000    0.00000000 -0.09194902
 -0.09160261  0.00000000   -0.00000000  0.14273002   -0.09160261  0.00000000
  0.00000000 -0.09194902   -0.09162155  0.00000000    0.00000000  0.12414459
    2    1
  0.00000000 -0.12414459   -0.09160261  0.00000000    0.00000000  0.09194902
 -0.09162155  0.00000000   -0.00000000 -0.14273002   -0.09162155  0.00000000
  0.00000000  0.09194902   -0.09160261  0.00000000    0.00000000 -0.12414459
    2    2
  0.26331748  0.00000000    0.00000000 -0.00700923    0.01012957  0.00000000
  0.00000000  0.00700923    0.28053506  0.00000000    0.00000000  0.00700923
  0.01012957  0.00000000    0.00000000 -0.00700923    0.26331748  0.00000000

     Dynamical  Matrix in cartesian axes

     q = (   -0.500000000   0.000000000  -0.500000000 ) 

    1    1
  0.26316882  0.00000000    0.00000000 -0.00699573    0.01009057  0.00000000
  0.00000000  0.00699573    0.28044625  0.00000000    0.00000000  0.00699573
  0.01009057  0.00000000    0.00000000 -0.00699573    0.26316882  0.00000000
    1    2
 -0.00000000 -0.12414459   -0.09162155  0.00000000   -0.00000000  0.09194902
 -0.09160261  0.00000000   -0.00000000 -0.14273002   -0.09160261 -0.00000000
  0.00000000  0.09194902   -0.09162155  0.00000000   -0.00000000 -0.12414459
    2    1
 -0.00000000  0.12414459   -0.09160261  0.00000000   -0.00000000 -0.09194902
 -0.09162155  0.00000000   -0.00000000  0.14273002   -0.09162155  0.00000000
  0.00000000 -0.09194902   -0.09160261  0.00000000   -0.00000000  0.12414459
    2    2
  0.26331748  0.00000000    0.00000000  0.00700923    0.01012957  0.00000000
  0.00000000 -0.00700923    0.28053506  0.00000000    0.00000000 -0.00700923
  0.01012957  0.00000000    0.00000000  0.00700923    0.26331748  0.00000000

     Dynamical  Matrix in cartesian axes

     q = (    0.000000000  -0.500000000   0.500000000 ) 

    1    1
  0.28044625  0.00000000    0.00000000 -0.00699573    0.00000000  0.00699573
  0.00000000  0.00699573    0.26316882  0.00000000   -0.01009057  0.00000000
  0.00000000 -0.00699573   -0.01009057  0.00000000    0.26316882  0.00000000
    1    2
 -0.14273002  0.00000000    0.00000000 -0.09160261    0.00000000  0.09160261
 -0.00000000 -0.09162155   -0.12414459  0.00000000   -0.09194902 -0.00000000
  0.00000000  0.09162155   -0.09194902 -0.00000000   -0.12414459  0.00000000
    2    1
 -0.14273002 -0.00000000    0.00000000  0.09162155    0.00000000 -0.09162155
  0.00000000  0.09160261   -0.12414459 -0.00000000   -0.09194902  0.00000000
  0.00000000 -0.09160261   -0.09194902  0.00000000   -0.12414459 -0.00000000
    2    2
  0.28053506  0.00000000    0.00000000  0.00700923    0.00000000 -0.00700923
  0.00000000 -0.00700923    0.26331748  0.00000000   -0.01012957  0.00000000
  0.00000000  0.00700923   -0.01012957  0.00000000    0.26331748  0.00000000

     Dynamical  Matrix in cartesian axes

     q = (   -0.500000000   0.000000000   0.500000000 ) 

    1    1
  0.26316882  0.00000000    0.00000000  0.00699573   -0.01009057  0.00000000
  0.00000000 -0.00699573    0.28044625  0.00000000   -0.00000000  0.00699573
 -0.01009057  0.00000000    0.00000000 -0.00699573    0.26316882  0.00000000
    1    2
 -0.12414459  0.00000000   -0.00000000 -0.09162155   -0.09194902 -0.00000000
  0.00000000 -0.09160261   -0.14273002  0.00000000    0.00000000  0.09160261
 -0.09194902 -0.00000000    0.00000000  0.09162155   -0.12414459  0.00000000
    2    1
 -0.12414459 -0.00000000    0.00000000  0.09160261   -0.09194902  0.00000000
  0.00000000  0.09162155   -0.14273002  0.00000000    0.00000000 -0.09162155
 -0.09194902  0.00000000    0.00000000 -0.09160261   -0.12414459 -0.00000000
    2    2
  0.26331748  0.00000000    0.00000000 -0.00700923   -0.01012957  0.00000000
  0.00000000  0.00700923    0.28053506  0.00000000    0.00000000 -0.00700923
 -0.01012957  0.00000000    0.00000000  0.00700923    0.26331748  0.00000000

     Dynamical  Matrix in cartesian axes

     q = (    0.500000000   0.000000000  -0.500000000 ) 

    1    1
  0.26316882  0.00000000   -0.00000000 -0.00699573   -0.01009057  0.00000000
  0.00000000  0.00699573    0.28044625  0.00000000    0.00000000 -0.00699573
 -0.01009057  0.00000000    0.00000000  0.00699573    0.26316882  0.00000000
    1    2
 -0.12414459  0.00000000    0.00000000  0.09162155   -0.09194902 -0.00000000
  0.00000000  0.09160261   -0.14273002  0.00000000    0.00000000 -0.09160261
 -0.09194902 -0.00000000   -0.00000000 -0.09162155   -0.12414459  0.00000000
    2    1
 -0.12414459 -0.00000000    0.00000000 -0.09160261   -0.09194902  0.00000000
  0.00000000 -0.09162155   -0.14273002  0.00000000    0.00000000  0.09162155
 -0.09194902  0.00000000    0.00000000  0.09160261   -0.12414459 -0.00000000
    2    2
  0.26331748  0.00000000    0.00000000  0.00700923   -0.01012957  0.00000000
  0.00000000 -0.00700923    0.28053506  0.00000000    0.00000000  0.00700923
 -0.01012957  0.00000000    0.00000000 -0.00700923    0.26331748  0.00000000

     Dynamical  Matrix in cartesian axes

     q = (    0.500000000   0.500000000   0.000000000 ) 

    1    1
  0.26316882  0.00000000    0.01009057  0.00000000    0.00000000  0.00699573
  0.01009057  0.00000000    0.26316882  0.00000000    0.00000000  0.00699573
 -0.00000000 -0.00699573   -0.00000000 -0.00699573    0.28044625  0.00000000
    1    2
  0.00000000  0.12414459    0.00000000 -0.09194902   -0.09162155  0.00000000
  0.00000000 -0.09194902   -0.00000000  0.12414459   -0.09162155  0.00000000
 -0.09160261  0.00000000   -0.09160261 -0.00000000   -0.00000000  0.14273002
    2    1
  0.00000000 -0.12414459    0.00000000  0.09194902   -0.09160261  0.00000000
  0.00000000  0.09194902   -0.00000000 -0.12414459   -0.09160261  0.00000000
 -0.09162155  0.00000000   -0.09162155  0.00000000   -0.00000000 -0.14273002
    2    2
  0.26331748  0.00000000    0.01012957  0.00000000    0.00000000 -0.00700923
  0.01012957  0.00000000    0.26331748  0.00000000    0.00000000 -0.00700923
  0.00000000  0.00700923    0.00000000  0.00700923    0.28053506  0.00000000

     Dynamical  Matrix in cartesian axes

     q = (   -0.500000000  -0.500000000   0.000000000 ) 

    1    1
  0.26316882  0.00000000    0.01009057  0.00000000    0.00000000 -0.00699573
  0.01009057  0.00000000    0.26316882  0.00000000    0.00000000 -0.00699573
 -0.00000000  0.00699573   -0.00000000  0.00699573    0.28044625  0.00000000
    1    2
 -0.00000000 -0.12414459   -0.00000000  0.09194902   -0.09162155  0.00000000
  0.00000000  0.09194902   -0.00000000 -0.12414459   -0.09162155  0.00000000
 -0.09160261  0.00000000   -0.09160261  0.00000000   -0.00000000 -0.14273002
    2    1
 -0.00000000  0.12414459   -0.00000000 -0.09194902   -0.09160261  0.00000000
  0.00000000 -0.09194902   -0.00000000  0.12414459   -0.09160261  0.00000000
 -0.09162155  0.00000000   -0.09162155  0.00000000   -0.00000000  0.14273002
    2    2
  0.26331748  0.00000000    0.01012957  0.00000000    0.00000000  0.00700923
  0.01012957  0.00000000    0.26331748  0.00000000    0.00000000  0.00700923
  0.00000000 -0.00700923    0.00000000 -0.00700923    0.28053506  0.00000000

     Dynamical  Matrix in cartesian axes

     q = (   -0.500000000   0.500000000   0.000000000 ) 

    1    1
  0.26316882  0.00000000   -0.01009057  0.00000000    0.00000000  0.00699573
 -0.01009057  0.00000000    0.26316882  0.00000000    0.00000000 -0.00699573
  0.00000000 -0.00699573   -0.00000000  0.00699573    0.28044625  0.00000000
    1    2
 -0.12414459  0.00000000   -0.09194902 -0.00000000   -0.00000000 -0.09162155
 -0.09194902 -0.00000000   -0.12414459  0.00000000    0.00000000  0.09162155
  0.00000000 -0.09160261    0.00000000  0.09160261   -0.14273002  0.00000000
    2    1
 -0.12414459 -0.00000000   -0.09194902  0.00000000   -0.00000000  0.09160261
 -0.09194902  0.00000000   -0.12414459 -0.00000000   -0.00000000 -0.09160261
  0.00000000  0.09162155    0.00000000 -0.09162155   -0.14273002  0.00000000
    2    2
  0.26331748  0.00000000   -0.01012957  0.00000000    0.00000000 -0.00700923
 -0.01012957  0.00000000    0.26331748  0.00000000    0.00000000  0.00700923
  0.00000000  0.00700923    0.00000000 -0.00700923    0.28053506  0.00000000

     Dynamical  Matrix in cartesian axes

     q = (    0.000000000   0.500000000   0.500000000 ) 

    1    1
  0.28044625  0.00000000    0.00000000 -0.00699573    0.00000000 -0.00699573
  0.00000000  0.00699573    0.26316882  0.00000000    0.01009057  0.00000000
  0.00000000  0.00699573    0.01009057  0.00000000    0.26316882  0.00000000
    1    2
 -0.00000000  0.14273002   -0.09160261  0.00000000   -0.09160261  0.00000000
 -0.09162155  0.00000000    0.00000000  0.12414459    0.00000000 -0.09194902
 -0.09162155  0.00000000    0.00000000 -0.09194902    0.00000000  0.12414459
    2    1
 -0.00000000 -0.14273002   -0.09162155  0.00000000   -0.09162155  0.00000000
 -0.09160261  0.00000000    0.00000000 -0.12414459    0.00000000  0.09194902
 -0.09160261  0.00000000    0.00000000  0.09194902    0.00000000 -0.12414459
    2    2
  0.28053506  0.00000000    0.00000000  0.00700923    0.00000000  0.00700923
  0.00000000 -0.00700923    0.26331748  0.00000000    0.01012957  0.00000000
  0.00000000 -0.00700923    0.01012957  0.00000000    0.26331748  0.00000000

     Dynamical  Matrix in cartesian axes

     q = (    0.000000000   0.500000000  -0.500000000 ) 

    1    1
  0.28044625  0.00000000    0.00000000  0.00699573    0.00000000 -0.00699573
  0.00000000 -0.00699573    0.26316882  0.00000000   -0.01009057  0.00000000
  0.00000000  0.00699573   -0.01009057  0.00000000    0.26316882  0.00000000
    1    2
 -0.14273002  0.00000000    0.00000000  0.09160261    0.00000000 -0.09160261
  0.00000000  0.09162155   -0.12414459  0.00000000   -0.09194902 -0.00000000
 -0.00000000 -0.09162155   -0.09194902 -0.00000000   -0.12414459  0.00000000
    2    1
 -0.14273002 -0.00000000    0.00000000 -0.09162155    0.00000000  0.09162155
  0.00000000 -0.09160261   -0.12414459 -0.00000000   -0.09194902  0.00000000
  0.00000000  0.09160261   -0.09194902  0.00000000   -0.12414459 -0.00000000
    2    2
  0.28053506  0.00000000    0.00000000 -0.00700923    0.00000000  0.00700923
  0.00000000  0.00700923    0.26331748  0.00000000   -0.01012957  0.00000000
  0.00000000 -0.00700923   -0.01012957  0.00000000    0.26331748  0.00000000

     Dynamical  Matrix in cartesian axes

     q = (    0.000000000  -0.500000000  -0.500000000 ) 

    1    1
  0.28044625  0.00000000   -0.00000000  0.00699573    0.00000000  0.00699573
  0.00000000 -0.00699573    0.26316882  0.00000000    0.01009057  0.00000000
  0.00000000 -0.00699573    0.01009057  0.00000000    0.26316882  0.00000000
    1    2
 -0.00000000 -0.14273002   -0.09160261  0.00000000   -0.09160261  0.00000000
 -0.09162155  0.00000000   -0.00000000 -0.12414459    0.00000000  0.09194902
 -0.09162155  0.00000000    0.00000000  0.09194902   -0.00000000 -0.12414459
    2    1
 -0.00000000  0.14273002   -0.09162155  0.00000000   -0.09162155  0.00000000
 -0.09160261  0.00000000   -0.00000000  0.12414459    0.00000000 -0.09194902
 -0.09160261  0.00000000    0.00000000 -0.09194902   -0.00000000  0.12414459
    2    2
  0.28053506  0.00000000    0.00000000 -0.00700923    0.00000000 -0.00700923
  0.00000000  0.00700923    0.26331748  0.00000000    0.01012957  0.00000000
  0.00000000  0.00700923    0.01012957  0.00000000    0.26331748  0.00000000

     Dynamical  Matrix in cartesian axes

     q = (    0.500000000  -0.500000000   0.000000000 ) 

    1    1
  0.26316882  0.00000000   -0.01009057  0.00000000    0.00000000 -0.00699573
 -0.01009057  0.00000000    0.26316882  0.00000000    0.00000000  0.00699573
 -0.00000000  0.00699573    0.00000000 -0.00699573    0.28044625  0.00000000
    1    2
 -0.12414459  0.00000000   -0.09194902 -0.00000000    0.00000000  0.09162155
 -0.09194902 -0.00000000   -0.12414459  0.00000000   -0.00000000 -0.09162155
  0.00000000  0.09160261    0.00000000 -0.09160261   -0.14273002  0.00000000
    2    1
 -0.12414459 -0.00000000   -0.09194902  0.00000000   -0.00000000 -0.09160261
 -0.09194902  0.00000000   -0.12414459 -0.00000000   -0.00000000  0.09160261
  0.00000000 -0.09162155    0.00000000  0.09162155   -0.14273002  0.00000000
    2    2
  0.26331748  0.00000000   -0.01012957  0.00000000    0.00000000  0.00700923
 -0.01012957  0.00000000    0.26331748  0.00000000    0.00000000 -0.00700923
  0.00000000 -0.00700923    0.00000000  0.00700923    0.28053506  0.00000000

     Diagonalizing the dynamical matrix

     q = (    0.500000000   0.000000000   0.500000000 ) 

 **************************************************************************
     omega( 1) =       3.957708 [THz] =     132.014942 [cm-1]
 (  0.000000 -0.500063  0.000000  0.000000 -0.000000  0.500063 ) 
 (  0.499937  0.000000 -0.000000 -0.000000 -0.499937  0.000000 ) 
     omega( 2) =       5.651166 [THz] =     188.502623 [cm-1]
 ( -0.000000 -0.230959 -0.627263 -0.000000  0.000000 -0.230959 ) 
 ( -0.230516 -0.000000  0.000000 -0.627361 -0.230516  0.000000 ) 
     omega( 3) =       8.369563 [THz] =     279.178576 [cm-1]
 (  0.000000  0.439755 -0.337063 -0.000000  0.000000  0.439755 ) 
 ( -0.439619  0.000000  0.000000  0.336290 -0.439619  0.000000 ) 
     omega( 4) =      12.471306 [THz] =     415.997988 [cm-1]
 (  0.000000  0.443437 -0.326122  0.000000  0.000000  0.443437 ) 
 (  0.443716 -0.000000 -0.000000 -0.326502  0.443716  0.000000 ) 
     omega( 5) =      14.086490 [THz] =     469.874724 [cm-1]
 ( -0.000000 -0.499937  0.000000 -0.000000  0.000000  0.499937 ) 
 ( -0.500063  0.000000 -0.000000 -0.000000  0.500063  0.000000 ) 
     omega( 6) =      14.522618 [THz] =     484.422379 [cm-1]
 ( -0.000000 -0.237986 -0.621751  0.000000 -0.000000 -0.237986 ) 
 (  0.238147 -0.000000  0.000000  0.621871  0.238147  0.000000 ) 
 **************************************************************************
