Dynamical matrix file
                                                                           
  1    2  2 10.2693000  0.0000000  0.0000000  0.0000000  0.0000000  0.0000000
           1  'Si  '    25593.354319074209     
    1    1      0.0000000000      0.0000000000      0.0000000000
    2    1      0.2500000000      0.2500000000      0.2500000000

     Dynamical  Matrix in cartesian axes

     q = (   -0.250000000   0.250000000  -0.250000000 ) 

    1    1
  0.27687611  0.00000000   -0.01154770  0.00000000    0.01154770  0.00000000
 -0.01154770  0.00000000    0.27687611  0.00000000   -0.01154770  0.00000000
  0.01154770  0.00000000   -0.01154770  0.00000000    0.27687611  0.00000000
    1    2
 -0.20592101 -0.06018422   -0.04130010  0.04268650    0.04130010 -0.04268650
 -0.04130010  0.04268650   -0.20592101 -0.06018422   -0.04130010  0.04268650
  0.04130010 -0.04268650   -0.04130010  0.04268650   -0.20592101 -0.06018422
    2    1
 -0.20592101  0.06018422   -0.04130010 -0.04268650    0.04130010  0.04268650
 -0.04130010 -0.04268650   -0.20592101  0.06018422   -0.04130010 -0.04268650
  0.04130010  0.04268650   -0.04130010 -0.04268650   -0.20592101  0.06018422
    2    2
  0.27698545  0.00000000   -0.01154695  0.00000000    0.01154695  0.00000000
 -0.01154695  0.00000000    0.27698545  0.00000000   -0.01154695  0.00000000
  0.01154695  0.00000000   -0.01154695  0.00000000    0.27698545  0.00000000

     Dynamical  Matrix in cartesian axes

     q = (    0.250000000  -0.250000000   0.250000000 ) 

    1    1
  0.27687611 -0.00000000   -0.01154770 -0.00000000    0.01154770 -0.00000000
 -0.01154770 -0.00000000    0.27687611 -0.00000000   -0.01154770 -0.00000000
  0.01154770 -0.00000000   -0.01154770 -0.00000000    0.27687611 -0.00000000
    1    2
 -0.20592101  0.06018422   -0.04130010 -0.04268650    0.04130010  0.04268650
 -0.04130010 -0.04268650   -0.20592101  0.06018422   -0.04130010 -0.04268650
  0.04130010  0.04268650   -0.04130010 -0.04268650   -0.20592101  0.06018422
    2    1
 -0.20592101 -0.06018422   -0.04130010  0.04268650    0.04130010 -0.04268650
 -0.04130010  0.04268650   -0.20592101 -0.06018422   -0.04130010  0.04268650
  0.04130010 -0.04268650   -0.04130010  0.04268650   -0.20592101 -0.06018422
    2    2
  0.27698545 -0.00000000   -0.01154695 -0.00000000    0.01154695 -0.00000000
 -0.01154695 -0.00000000    0.27698545 -0.00000000   -0.01154695 -0.00000000
  0.01154695 -0.00000000   -0.01154695 -0.00000000    0.27698545 -0.00000000

     Dynamical  Matrix in cartesian axes

     q = (    0.250000000  -0.250000000  -0.250000000 ) 

    1    1
  0.27687611  0.00000000   -0.01154770  0.00000000   -0.01154770  0.00000000
 -0.01154770  0.00000000    0.27687611  0.00000000    0.01154770  0.00000000
 -0.01154770  0.00000000    0.01154770  0.00000000    0.27687611  0.00000000
    1    2
 -0.20592101 -0.06018422   -0.04130010  0.04268650   -0.04130010  0.04268650
 -0.04130010  0.04268650   -0.20592101 -0.06018422    0.04130010 -0.04268650
 -0.04130010  0.04268650    0.04130010 -0.04268650   -0.20592101 -0.06018422
    2    1
 -0.20592101  0.06018422   -0.04130010 -0.04268650   -0.04130010 -0.04268650
 -0.04130010 -0.04268650   -0.20592101  0.06018422    0.04130010  0.04268650
 -0.04130010 -0.04268650    0.04130010  0.04268650   -0.20592101  0.06018422
    2    2
  0.27698545  0.00000000   -0.01154695  0.00000000   -0.01154695  0.00000000
 -0.01154695  0.00000000    0.27698545  0.00000000    0.01154695  0.00000000
 -0.01154695  0.00000000    0.01154695  0.00000000    0.27698545  0.00000000

     Dynamical  Matrix in cartesian axes

     q = (   -0.250000000   0.250000000   0.250000000 ) 

    1    1
  0.27687611 -0.00000000   -0.01154770 -0.00000000   -0.01154770 -0.00000000
 -0.01154770 -0.00000000    0.27687611 -0.00000000    0.01154770 -0.00000000
 -0.01154770 -0.00000000    0.01154770 -0.00000000    0.27687611 -0.00000000
    1    2
 -0.20592101  0.06018422   -0.04130010 -0.04268650   -0.04130010 -0.04268650
 -0.04130010 -0.04268650   -0.20592101  0.06018422    0.04130010  0.04268650
 -0.04130010 -0.04268650    0.04130010  0.04268650   -0.20592101  0.06018422
    2    1
 -0.20592101 -0.06018422   -0.04130010  0.04268650   -0.04130010  0.04268650
 -0.04130010  0.04268650   -0.20592101 -0.06018422    0.04130010 -0.04268650
 -0.04130010  0.04268650    0.04130010 -0.04268650   -0.20592101 -0.06018422
    2    2
  0.27698545 -0.00000000   -0.01154695 -0.00000000   -0.01154695 -0.00000000
 -0.01154695 -0.00000000    0.27698545 -0.00000000    0.01154695 -0.00000000
 -0.01154695 -0.00000000    0.01154695 -0.00000000    0.27698545 -0.00000000

     Dynamical  Matrix in cartesian axes

     q = (   -0.250000000  -0.250000000   0.250000000 ) 

    1    1
  0.27687611  0.00000000    0.01154770  0.00000000   -0.01154770  0.00000000
  0.01154770  0.00000000    0.27687611  0.00000000   -0.01154770  0.00000000
 -0.01154770  0.00000000   -0.01154770  0.00000000    0.27687611  0.00000000
    1    2
 -0.20592101 -0.06018422    0.04130010 -0.04268650   -0.04130010  0.04268650
  0.04130010 -0.04268650   -0.20592101 -0.06018422   -0.04130010  0.04268650
 -0.04130010  0.04268650   -0.04130010  0.04268650   -0.20592101 -0.06018422
    2    1
 -0.20592101  0.06018422    0.04130010  0.04268650   -0.04130010 -0.04268650
  0.04130010  0.04268650   -0.20592101  0.06018422   -0.04130010 -0.04268650
 -0.04130010 -0.04268650   -0.04130010 -0.04268650   -0.20592101  0.06018422
    2    2
  0.27698545  0.00000000    0.01154695  0.00000000   -0.01154695  0.00000000
  0.01154695  0.00000000    0.27698545  0.00000000   -0.01154695  0.00000000
 -0.01154695  0.00000000   -0.01154695  0.00000000    0.27698545  0.00000000

     Dynamical  Matrix in cartesian axes

     q = (    0.250000000   0.250000000  -0.250000000 ) 

    1    1
  0.27687611 -0.00000000    0.01154770 -0.00000000   -0.01154770 -0.00000000
  0.01154770 -0.00000000    0.27687611 -0.00000000   -0.01154770 -0.00000000
 -0.01154770 -0.00000000   -0.01154770 -0.00000000    0.27687611 -0.00000000
    1    2
 -0.20592101  0.06018422    0.04130010  0.04268650   -0.04130010 -0.04268650
  0.04130010  0.04268650   -0.20592101  0.06018422   -0.04130010 -0.04268650
 -0.04130010 -0.04268650   -0.04130010 -0.04268650   -0.20592101  0.06018422
    2    1
 -0.20592101 -0.06018422    0.04130010 -0.04268650   -0.04130010  0.04268650
  0.04130010 -0.04268650   -0.20592101 -0.06018422   -0.04130010  0.04268650
 -0.04130010  0.04268650   -0.04130010  0.04268650   -0.20592101 -0.06018422
    2    2
  0.27698545 -0.00000000    0.01154695 -0.00000000   -0.01154695 -0.00000000
  0.01154695 -0.00000000    0.27698545 -0.00000000   -0.01154695 -0.00000000
 -0.01154695 -0.00000000   -0.01154695 -0.00000000    0.27698545 -0.00000000

     Dynamical  Matrix in cartesian axes

     q = (    0.250000000   0.250000000   0.250000000 ) 

    1    1
  0.27687611  0.00000000    0.01154770  0.00000000    0.01154770  0.00000000
  0.01154770  0.00000000    0.27687611  0.00000000    0.01154770  0.00000000
  0.01154770  0.00000000    0.01154770  0.00000000    0.27687611  0.00000000
    1    2
 -0.06018422  0.20592101   -0.04268650 -0.04130010   -0.04268650 -0.04130010
 -0.04268650 -0.04130010   -0.06018422  0.20592101   -0.04268650 -0.04130010
 -0.04268650 -0.04130010   -0.04268650 -0.04130010   -0.06018422  0.20592101
    2    1
 -0.06018422 -0.20592101   -0.04268650  0.04130010   -0.04268650  0.04130010
 -0.04268650  0.04130010   -0.06018422 -0.20592101   -0.04268650  0.04130010
 -0.04268650  0.04130010   -0.04268650  0.04130010   -0.06018422 -0.20592101
    2    2
  0.27698545  0.00000000    0.01154695  0.00000000    0.01154695  0.00000000
  0.01154695  0.00000000    0.27698545  0.00000000    0.01154695  0.00000000
  0.01154695  0.00000000    0.01154695  0.00000000    0.27698545  0.00000000

     Dynamical  Matrix in cartesian axes

     q = (   -0.250000000  -0.250000000  -0.250000000 ) 

    1    1
  0.27687611 -0.00000000    0.01154770 -0.00000000    0.01154770 -0.00000000
  0.01154770 -0.00000000    0.27687611 -0.00000000    0.01154770 -0.00000000
  0.01154770 -0.00000000    0.01154770 -0.00000000    0.27687611 -0.00000000
    1    2
 -0.06018422 -0.20592101   -0.04268650  0.04130010   -0.04268650  0.04130010
 -0.04268650  0.04130010   -0.06018422 -0.20592101   -0.04268650  0.04130010
 -0.04268650  0.04130010   -0.04268650  0.04130010   -0.06018422 -0.20592101
    2    1
 -0.06018422  0.20592101   -0.04268650 -0.04130010   -0.04268650 -0.04130010
 -0.04268650 -0.04130010   -0.06018422  0.20592101   -0.04268650 -0.04130010
 -0.04268650 -0.04130010   -0.04268650 -0.04130010   -0.06018422  0.20592101
    2    2
  0.27698545 -0.00000000    0.01154695 -0.00000000    0.01154695 -0.00000000
  0.01154695 -0.00000000    0.27698545 -0.00000000    0.01154695 -0.00000000
  0.01154695 -0.00000000    0.01154695 -0.00000000    0.27698545 -0.00000000

     Diagonalizing the dynamical matrix

     q = (   -0.250000000   0.250000000  -0.250000000 ) 

 **************************************************************************
     omega( 1) =       2.723794 [THz] =      90.855984 [cm-1]
 (  0.444598  0.066116 -0.091552  0.028169 -0.536150 -0.037947 ) 
 (  0.448057  0.034554 -0.089315  0.034554 -0.537372  0.000000 ) 
     omega( 2) =       2.723794 [THz] =      90.855984 [cm-1]
 ( -0.344495 -0.112655 -0.554944 -0.127550 -0.210449 -0.014895 ) 
 ( -0.351511 -0.088033 -0.562440 -0.088033 -0.210928 -0.000000 ) 
     omega( 3) =       6.797104 [THz] =     226.726981 [cm-1]
 ( -0.263938 -0.311529  0.263938  0.311529 -0.263938 -0.311529 ) 
 ( -0.408191  0.000000  0.408191 -0.000000 -0.408191  0.000000 ) 
     omega( 4) =      14.406673 [THz] =     480.554886 [cm-1]
 ( -0.263863 -0.311441  0.263863  0.311441 -0.263863 -0.311441 ) 
 (  0.408306 -0.000000 -0.408306 -0.000000  0.408306  0.000000 ) 
     omega( 5) =      14.732094 [THz] =     491.409776 [cm-1]
 (  0.287777  0.020429 -0.288069 -0.020328 -0.575846 -0.040757 ) 
 ( -0.288565 -0.000061  0.288849 -0.000061  0.577414  0.000000 ) 
     omega( 6) =      14.732094 [THz] =     491.409776 [cm-1]
 ( -0.472370  0.163990 -0.472192  0.164003  0.000178  0.000013 ) 
 (  0.459716 -0.196975  0.459537 -0.196975 -0.000179  0.000000 ) 
 **************************************************************************
