Dynamical matrix file
                                                                           
  2    2  2 10.5000000  0.0000000  0.0000000  0.0000000  0.0000000  0.0000000
           1  'Al  '    24590.7656527287     
           2  'As  '    68285.4026205499     
    1    1      0.0000000000      0.0000000000      0.0000000000
    2    2      0.2500000000      0.2500000000      0.2500000000

     Dynamical  Matrix in cartesian axes

     q = (    0.500000000   0.000000000   0.500000000 ) 

    1    1
  0.21974172  0.00000000    0.00000000 -0.01746506    0.01848503  0.00000000
 -0.00000000  0.01746506    0.23140101  0.00000000   -0.00000000  0.01746506
  0.01848503  0.00000000   -0.00000000 -0.01746506    0.21974172  0.00000000
    1    2
  0.00000000  0.10680804   -0.07537682 -0.00000000    0.00000000 -0.07068684
 -0.09217984 -0.00000000    0.00000000  0.10843962   -0.09217984 -0.00000000
  0.00000000 -0.07068684   -0.07537682 -0.00000000    0.00000000  0.10680804
    2    1
  0.00000000 -0.10680804   -0.09217984  0.00000000    0.00000000  0.07068684
 -0.07537682  0.00000000    0.00000000 -0.10843962   -0.07537682  0.00000000
  0.00000000  0.07068684   -0.09217984  0.00000000    0.00000000 -0.10680804
    2    2
  0.23479943  0.00000000    0.00000000 -0.01310570    0.02645162  0.00000000
 -0.00000000  0.01310570    0.24371783  0.00000000   -0.00000000  0.01310570
  0.02645162  0.00000000    0.00000000 -0.01310570    0.23479943  0.00000000

     Dynamical  Matrix in cartesian axes

     q = (   -0.500000000   0.000000000  -0.500000000 ) 

    1    1
  0.21974172  0.00000000    0.00000000  0.01746506    0.01848503  0.00000000
  0.00000000 -0.01746506    0.23140101  0.00000000    0.00000000 -0.01746506
  0.01848503  0.00000000    0.00000000  0.01746506    0.21974172  0.00000000
    1    2
 -0.00000000 -0.10680804   -0.07537682  0.00000000   -0.00000000  0.07068684
 -0.09217984  0.00000000   -0.00000000 -0.10843962   -0.09217984  0.00000000
 -0.00000000  0.07068684   -0.07537682  0.00000000   -0.00000000 -0.10680804
    2    1
 -0.00000000  0.10680804   -0.09217984 -0.00000000   -0.00000000 -0.07068684
 -0.07537682  0.00000000   -0.00000000  0.10843962   -0.07537682  0.00000000
 -0.00000000 -0.07068684   -0.09217984 -0.00000000   -0.00000000  0.10680804
    2    2
  0.23479943  0.00000000    0.00000000  0.01310570    0.02645162  0.00000000
 -0.00000000 -0.01310570    0.24371783  0.00000000   -0.00000000 -0.01310570
  0.02645162  0.00000000    0.00000000  0.01310570    0.23479943  0.00000000

     Dynamical  Matrix in cartesian axes

     q = (    0.000000000  -0.500000000   0.500000000 ) 

    1    1
  0.23140101  0.00000000   -0.00000000  0.01746506    0.00000000 -0.01746506
  0.00000000 -0.01746506    0.21974172  0.00000000   -0.01848503  0.00000000
  0.00000000  0.01746506   -0.01848503  0.00000000    0.21974172  0.00000000
    1    2
 -0.10843962  0.00000000    0.00000000 -0.09217984   -0.00000000  0.09217984
  0.00000000 -0.07537682   -0.10680804  0.00000000   -0.07068684  0.00000000
 -0.00000000  0.07537682   -0.07068684  0.00000000   -0.10680804  0.00000000
    2    1
 -0.10843962  0.00000000    0.00000000  0.07537682    0.00000000 -0.07537682
  0.00000000  0.09217984   -0.10680804  0.00000000   -0.07068684  0.00000000
 -0.00000000 -0.09217984   -0.07068684  0.00000000   -0.10680804  0.00000000
    2    2
  0.24371783  0.00000000   -0.00000000  0.01310570    0.00000000 -0.01310570
  0.00000000 -0.01310570    0.23479943  0.00000000   -0.02645162  0.00000000
  0.00000000  0.01310570   -0.02645162  0.00000000    0.23479943  0.00000000

     Dynamical  Matrix in cartesian axes

     q = (   -0.500000000   0.000000000   0.500000000 ) 

    1    1
  0.21974172  0.00000000    0.00000000 -0.01746506   -0.01848503  0.00000000
 -0.00000000  0.01746506    0.23140101  0.00000000    0.00000000 -0.01746506
 -0.01848503  0.00000000    0.00000000  0.01746506    0.21974172  0.00000000
    1    2
 -0.10680804  0.00000000    0.00000000 -0.07537682   -0.07068684  0.00000000
  0.00000000 -0.09217984   -0.10843962  0.00000000    0.00000000  0.09217984
 -0.07068684  0.00000000   -0.00000000  0.07537682   -0.10680804  0.00000000
    2    1
 -0.10680804  0.00000000    0.00000000  0.09217984   -0.07068684  0.00000000
  0.00000000  0.07537682   -0.10843962  0.00000000    0.00000000 -0.07537682
 -0.07068684  0.00000000    0.00000000 -0.09217984   -0.10680804  0.00000000
    2    2
  0.23479943  0.00000000    0.00000000 -0.01310570   -0.02645162  0.00000000
  0.00000000  0.01310570    0.24371783  0.00000000   -0.00000000 -0.01310570
 -0.02645162  0.00000000   -0.00000000  0.01310570    0.23479943  0.00000000

     Dynamical  Matrix in cartesian axes

     q = (    0.500000000   0.000000000  -0.500000000 ) 

    1    1
  0.21974172  0.00000000    0.00000000  0.01746506   -0.01848503  0.00000000
  0.00000000 -0.01746506    0.23140101  0.00000000    0.00000000  0.01746506
 -0.01848503  0.00000000   -0.00000000 -0.01746506    0.21974172  0.00000000
    1    2
 -0.10680804  0.00000000   -0.00000000  0.07537682   -0.07068684  0.00000000
 -0.00000000  0.09217984   -0.10843962  0.00000000    0.00000000 -0.09217984
 -0.07068684  0.00000000    0.00000000 -0.07537682   -0.10680804  0.00000000
    2    1
 -0.10680804  0.00000000    0.00000000 -0.09217984   -0.07068684  0.00000000
  0.00000000 -0.07537682   -0.10843962  0.00000000    0.00000000  0.07537682
 -0.07068684  0.00000000    0.00000000  0.09217984   -0.10680804  0.00000000
    2    2
  0.23479943  0.00000000   -0.00000000  0.01310570   -0.02645162  0.00000000
  0.00000000 -0.01310570    0.24371783  0.00000000   -0.00000000  0.01310570
 -0.02645162  0.00000000    0.00000000 -0.01310570    0.23479943  0.00000000

     Dynamical  Matrix in cartesian axes

     q = (    0.500000000   0.500000000   0.000000000 ) 

    1    1
  0.21974172  0.00000000    0.01848503  0.00000000   -0.00000000 -0.01746506
  0.01848503  0.00000000    0.21974172  0.00000000   -0.00000000 -0.01746506
 -0.00000000  0.01746506   -0.00000000  0.01746506    0.23140101  0.00000000
    1    2
 -0.00000000  0.10680804    0.00000000 -0.07068684   -0.07537682 -0.00000000
  0.00000000 -0.07068684   -0.00000000  0.10680804   -0.07537682  0.00000000
 -0.09217984  0.00000000   -0.09217984  0.00000000    0.00000000  0.10843962
    2    1
 -0.00000000 -0.10680804    0.00000000  0.07068684   -0.09217984  0.00000000
  0.00000000  0.07068684   -0.00000000 -0.10680804   -0.09217984  0.00000000
 -0.07537682  0.00000000   -0.07537682  0.00000000    0.00000000 -0.10843962
    2    2
  0.23479943  0.00000000    0.02645162  0.00000000    0.00000000 -0.01310570
  0.02645162  0.00000000    0.23479943  0.00000000    0.00000000 -0.01310570
  0.00000000  0.01310570    0.00000000  0.01310570    0.24371783  0.00000000

     Dynamical  Matrix in cartesian axes

     q = (   -0.500000000  -0.500000000   0.000000000 ) 

    1    1
  0.21974172  0.00000000    0.01848503  0.00000000    0.00000000  0.01746506
  0.01848503  0.00000000    0.21974172  0.00000000    0.00000000  0.01746506
  0.00000000 -0.01746506    0.00000000 -0.01746506    0.23140101  0.00000000
    1    2
 -0.00000000 -0.10680804    0.00000000  0.07068684   -0.07537682  0.00000000
 -0.00000000  0.07068684   -0.00000000 -0.10680804   -0.07537682  0.00000000
 -0.09217984  0.00000000   -0.09217984  0.00000000   -0.00000000 -0.10843962
    2    1
 -0.00000000  0.10680804    0.00000000 -0.07068684   -0.09217984  0.00000000
 -0.00000000 -0.07068684   -0.00000000  0.10680804   -0.09217984  0.00000000
 -0.07537682  0.00000000   -0.07537682  0.00000000   -0.00000000  0.10843962
    2    2
  0.23479943  0.00000000    0.02645162  0.00000000    0.00000000  0.01310570
  0.02645162  0.00000000    0.23479943  0.00000000    0.00000000  0.01310570
  0.00000000 -0.01310570    0.00000000 -0.01310570    0.24371783  0.00000000

     Dynamical  Matrix in cartesian axes

     q = (   -0.500000000   0.500000000   0.000000000 ) 

    1    1
  0.21974172  0.00000000   -0.01848503  0.00000000   -0.00000000 -0.01746506
 -0.01848503  0.00000000    0.21974172  0.00000000    0.00000000  0.01746506
 -0.00000000  0.01746506    0.00000000 -0.01746506    0.23140101  0.00000000
    1    2
 -0.10680804  0.00000000   -0.07068684 -0.00000000    0.00000000 -0.07537682
 -0.07068684 -0.00000000   -0.10680804  0.00000000   -0.00000000  0.07537682
  0.00000000 -0.09217984   -0.00000000  0.09217984   -0.10843962  0.00000000
    2    1
 -0.10680804 -0.00000000   -0.07068684  0.00000000    0.00000000  0.09217984
 -0.07068684  0.00000000   -0.10680804 -0.00000000    0.00000000 -0.09217984
  0.00000000  0.07537682   -0.00000000 -0.07537682   -0.10843962 -0.00000000
    2    2
  0.23479943  0.00000000   -0.02645162  0.00000000    0.00000000 -0.01310570
 -0.02645162  0.00000000    0.23479943  0.00000000   -0.00000000  0.01310570
  0.00000000  0.01310570   -0.00000000 -0.01310570    0.24371783  0.00000000

     Dynamical  Matrix in cartesian axes

     q = (    0.000000000   0.500000000   0.500000000 ) 

    1    1
  0.23140101  0.00000000   -0.00000000  0.01746506   -0.00000000  0.01746506
  0.00000000 -0.01746506    0.21974172  0.00000000    0.01848503  0.00000000
 -0.00000000 -0.01746506    0.01848503  0.00000000    0.21974172  0.00000000
    1    2
  0.00000000  0.10843962   -0.09217984 -0.00000000   -0.09217984 -0.00000000
 -0.07537682 -0.00000000    0.00000000  0.10680804    0.00000000 -0.07068684
 -0.07537682 -0.00000000    0.00000000 -0.07068684    0.00000000  0.10680804
    2    1
  0.00000000 -0.10843962   -0.07537682  0.00000000   -0.07537682  0.00000000
 -0.09217984  0.00000000    0.00000000 -0.10680804    0.00000000  0.07068684
 -0.09217984  0.00000000    0.00000000  0.07068684    0.00000000 -0.10680804
    2    2
  0.24371783  0.00000000    0.00000000  0.01310570    0.00000000  0.01310570
  0.00000000 -0.01310570    0.23479943  0.00000000    0.02645162  0.00000000
  0.00000000 -0.01310570    0.02645162  0.00000000    0.23479943  0.00000000

     Dynamical  Matrix in cartesian axes

     q = (    0.000000000   0.500000000  -0.500000000 ) 

    1    1
  0.23140101  0.00000000    0.00000000 -0.01746506   -0.00000000  0.01746506
  0.00000000  0.01746506    0.21974172  0.00000000   -0.01848503  0.00000000
 -0.00000000 -0.01746506   -0.01848503  0.00000000    0.21974172  0.00000000
    1    2
 -0.10843962  0.00000000   -0.00000000  0.09217984    0.00000000 -0.09217984
 -0.00000000  0.07537682   -0.10680804  0.00000000   -0.07068684  0.00000000
  0.00000000 -0.07537682   -0.07068684  0.00000000   -0.10680804  0.00000000
    2    1
 -0.10843962  0.00000000   -0.00000000 -0.07537682    0.00000000  0.07537682
 -0.00000000 -0.09217984   -0.10680804  0.00000000   -0.07068684  0.00000000
  0.00000000  0.09217984   -0.07068684  0.00000000   -0.10680804  0.00000000
    2    2
  0.24371783  0.00000000   -0.00000000 -0.01310570    0.00000000  0.01310570
  0.00000000  0.01310570    0.23479943  0.00000000   -0.02645162  0.00000000
  0.00000000 -0.01310570   -0.02645162  0.00000000    0.23479943  0.00000000

     Dynamical  Matrix in cartesian axes

     q = (    0.000000000  -0.500000000  -0.500000000 ) 

    1    1
  0.23140101  0.00000000    0.00000000 -0.01746506    0.00000000 -0.01746506
  0.00000000  0.01746506    0.21974172  0.00000000    0.01848503  0.00000000
  0.00000000  0.01746506    0.01848503  0.00000000    0.21974172  0.00000000
    1    2
 -0.00000000 -0.10843962   -0.09217984  0.00000000   -0.09217984  0.00000000
 -0.07537682  0.00000000   -0.00000000 -0.10680804    0.00000000  0.07068684
 -0.07537682 -0.00000000    0.00000000  0.07068684   -0.00000000 -0.10680804
    2    1
 -0.00000000  0.10843962   -0.07537682  0.00000000   -0.07537682 -0.00000000
 -0.09217984 -0.00000000   -0.00000000  0.10680804    0.00000000 -0.07068684
 -0.09217984 -0.00000000    0.00000000 -0.07068684   -0.00000000  0.10680804
    2    2
  0.24371783  0.00000000    0.00000000 -0.01310570    0.00000000 -0.01310570
 -0.00000000  0.01310570    0.23479943  0.00000000    0.02645162  0.00000000
  0.00000000  0.01310570    0.02645162  0.00000000    0.23479943  0.00000000

     Dynamical  Matrix in cartesian axes

     q = (    0.500000000  -0.500000000   0.000000000 ) 

    1    1
  0.21974172  0.00000000   -0.01848503  0.00000000    0.00000000  0.01746506
 -0.01848503  0.00000000    0.21974172  0.00000000    0.00000000 -0.01746506
  0.00000000 -0.01746506   -0.00000000  0.01746506    0.23140101  0.00000000
    1    2
 -0.10680804  0.00000000   -0.07068684 -0.00000000   -0.00000000  0.07537682
 -0.07068684 -0.00000000   -0.10680804  0.00000000    0.00000000 -0.07537682
 -0.00000000  0.09217984    0.00000000 -0.09217984   -0.10843962  0.00000000
    2    1
 -0.10680804 -0.00000000   -0.07068684  0.00000000    0.00000000 -0.09217984
 -0.07068684  0.00000000   -0.10680804 -0.00000000   -0.00000000  0.09217984
 -0.00000000 -0.07537682    0.00000000  0.07537682   -0.10843962 -0.00000000
    2    2
  0.23479943  0.00000000   -0.02645162  0.00000000    0.00000000  0.01310570
 -0.02645162  0.00000000    0.23479943  0.00000000    0.00000000 -0.01310570
  0.00000000 -0.01310570   -0.00000000  0.01310570    0.24371783  0.00000000

     Diagonalizing the dynamical matrix

     q = (    0.500000000   0.000000000   0.500000000 ) 

 **************************************************************************
     freq (    1) =       2.511766 [THz] =      83.783497 [cm-1]
 (  0.000000  0.486902 -0.000000 -0.000000  0.000000 -0.486902 ) 
 ( -0.512763 -0.000000  0.000000 -0.000000  0.512763  0.000000 ) 
     freq (    2) =       3.824176 [THz] =     127.560793 [cm-1]
 (  0.000000 -0.246414 -0.605153 -0.000000  0.000000 -0.246414 ) 
 ( -0.227868 -0.000000  0.000000 -0.639142 -0.227868  0.000000 ) 
     freq (    3) =       5.426446 [THz] =     181.006761 [cm-1]
 (  0.000000 -0.268825  0.285217 -0.000000 -0.000000 -0.268825 ) 
 (  0.548952 -0.000000 -0.000000 -0.414030  0.548952  0.000000 ) 
     freq (    4) =      10.719955 [THz] =     357.579225 [cm-1]
 (  0.000000  0.653509  0.272873 -0.000000  0.000000  0.653509 ) 
 ( -0.010875  0.000000 -0.000000 -0.266751 -0.010875  0.000000 ) 
     freq (    5) =      10.737417 [THz] =     358.161687 [cm-1]
 (  0.000000 -0.669070 -0.000000 -0.000000  0.000000  0.669070 ) 
 ( -0.228792  0.000000 -0.000000  0.000000  0.228792  0.000000 ) 
     freq (    6) =      11.302391 [THz] =     377.007170 [cm-1]
 ( -0.000000  0.257265 -0.892707  0.000000 -0.000000  0.257265 ) 
 (  0.170802  0.000000  0.000000  0.111157  0.170802  0.000000 ) 
 **************************************************************************
