Dynamical matrix file
                                                                           
  2    2  2 10.5000000  0.0000000  0.0000000  0.0000000  0.0000000  0.0000000
           1  'Al  '    24590.7656527287     
           2  'As  '    68285.4026205499     
    1    1      0.0000000000      0.0000000000      0.0000000000
    2    2      0.2500000000      0.2500000000      0.2500000000

     Dynamical  Matrix in cartesian axes

     q = (   -0.250000000   0.250000000  -0.250000000 ) 

    1    1
  0.23202425  0.00000000   -0.02546699  0.00000000    0.02546699  0.00000000
 -0.02546699  0.00000000    0.23202425  0.00000000   -0.02546699  0.00000000
  0.02546699  0.00000000   -0.02546699  0.00000000    0.23202425  0.00000000
    1    2
 -0.16507944 -0.05851285   -0.02947843  0.04603095    0.02947843 -0.04603095
 -0.02947843  0.04603095   -0.16507944 -0.05851285   -0.02947843  0.04603095
  0.02947843 -0.04603095   -0.02947843  0.04603095   -0.16507944 -0.05851285
    2    1
 -0.16507944  0.05851285   -0.02947843 -0.04603095    0.02947843  0.04603095
 -0.02947843 -0.04603095   -0.16507944  0.05851285   -0.02947843 -0.04603095
  0.02947843  0.04603095   -0.02947843 -0.04603095   -0.16507944  0.05851285
    2    2
  0.23107553  0.00000000   -0.02113870  0.00000000    0.02113870  0.00000000
 -0.02113870  0.00000000    0.23107553  0.00000000   -0.02113870  0.00000000
  0.02113870  0.00000000   -0.02113870  0.00000000    0.23107553  0.00000000

     Dynamical  Matrix in cartesian axes

     q = (    0.250000000  -0.250000000   0.250000000 ) 

    1    1
  0.23202425  0.00000000   -0.02546699  0.00000000    0.02546699  0.00000000
 -0.02546699  0.00000000    0.23202425  0.00000000   -0.02546699  0.00000000
  0.02546699  0.00000000   -0.02546699  0.00000000    0.23202425  0.00000000
    1    2
 -0.16507944  0.05851285   -0.02947843 -0.04603095    0.02947843  0.04603095
 -0.02947843 -0.04603095   -0.16507944  0.05851285   -0.02947843 -0.04603095
  0.02947843  0.04603095   -0.02947843 -0.04603095   -0.16507944  0.05851285
    2    1
 -0.16507944 -0.05851285   -0.02947843  0.04603095    0.02947843 -0.04603095
 -0.02947843  0.04603095   -0.16507944 -0.05851285   -0.02947843  0.04603095
  0.02947843 -0.04603095   -0.02947843  0.04603095   -0.16507944 -0.05851285
    2    2
  0.23107553  0.00000000   -0.02113870  0.00000000    0.02113870  0.00000000
 -0.02113870  0.00000000    0.23107553  0.00000000   -0.02113870  0.00000000
  0.02113870  0.00000000   -0.02113870  0.00000000    0.23107553  0.00000000

     Dynamical  Matrix in cartesian axes

     q = (    0.250000000  -0.250000000  -0.250000000 ) 

    1    1
  0.23202425  0.00000000   -0.02546699  0.00000000   -0.02546699  0.00000000
 -0.02546699  0.00000000    0.23202425  0.00000000    0.02546699  0.00000000
 -0.02546699  0.00000000    0.02546699  0.00000000    0.23202425  0.00000000
    1    2
 -0.16507944 -0.05851285   -0.02947843  0.04603095   -0.02947843  0.04603095
 -0.02947843  0.04603095   -0.16507944 -0.05851285    0.02947843 -0.04603095
 -0.02947843  0.04603095    0.02947843 -0.04603095   -0.16507944 -0.05851285
    2    1
 -0.16507944  0.05851285   -0.02947843 -0.04603095   -0.02947843 -0.04603095
 -0.02947843 -0.04603095   -0.16507944  0.05851285    0.02947843  0.04603095
 -0.02947843 -0.04603095    0.02947843  0.04603095   -0.16507944  0.05851285
    2    2
  0.23107553  0.00000000   -0.02113870  0.00000000   -0.02113870  0.00000000
 -0.02113870  0.00000000    0.23107553  0.00000000    0.02113870  0.00000000
 -0.02113870  0.00000000    0.02113870  0.00000000    0.23107553  0.00000000

     Dynamical  Matrix in cartesian axes

     q = (   -0.250000000   0.250000000   0.250000000 ) 

    1    1
  0.23202425  0.00000000   -0.02546699  0.00000000   -0.02546699  0.00000000
 -0.02546699  0.00000000    0.23202425  0.00000000    0.02546699  0.00000000
 -0.02546699  0.00000000    0.02546699  0.00000000    0.23202425  0.00000000
    1    2
 -0.16507944  0.05851285   -0.02947843 -0.04603095   -0.02947843 -0.04603095
 -0.02947843 -0.04603095   -0.16507944  0.05851285    0.02947843  0.04603095
 -0.02947843 -0.04603095    0.02947843  0.04603095   -0.16507944  0.05851285
    2    1
 -0.16507944 -0.05851285   -0.02947843  0.04603095   -0.02947843  0.04603095
 -0.02947843  0.04603095   -0.16507944 -0.05851285    0.02947843 -0.04603095
 -0.02947843  0.04603095    0.02947843 -0.04603095   -0.16507944 -0.05851285
    2    2
  0.23107553  0.00000000   -0.02113870  0.00000000   -0.02113870  0.00000000
 -0.02113870  0.00000000    0.23107553  0.00000000    0.02113870  0.00000000
 -0.02113870  0.00000000    0.02113870  0.00000000    0.23107553  0.00000000

     Dynamical  Matrix in cartesian axes

     q = (   -0.250000000  -0.250000000   0.250000000 ) 

    1    1
  0.23202425  0.00000000    0.02546699  0.00000000   -0.02546699  0.00000000
  0.02546699  0.00000000    0.23202425  0.00000000   -0.02546699  0.00000000
 -0.02546699  0.00000000   -0.02546699  0.00000000    0.23202425  0.00000000
    1    2
 -0.16507944 -0.05851285    0.02947843 -0.04603095   -0.02947843  0.04603095
  0.02947843 -0.04603095   -0.16507944 -0.05851285   -0.02947843  0.04603095
 -0.02947843  0.04603095   -0.02947843  0.04603095   -0.16507944 -0.05851285
    2    1
 -0.16507944  0.05851285    0.02947843  0.04603095   -0.02947843 -0.04603095
  0.02947843  0.04603095   -0.16507944  0.05851285   -0.02947843 -0.04603095
 -0.02947843 -0.04603095   -0.02947843 -0.04603095   -0.16507944  0.05851285
    2    2
  0.23107553  0.00000000    0.02113870  0.00000000   -0.02113870  0.00000000
  0.02113870  0.00000000    0.23107553  0.00000000   -0.02113870  0.00000000
 -0.02113870  0.00000000   -0.02113870  0.00000000    0.23107553  0.00000000

     Dynamical  Matrix in cartesian axes

     q = (    0.250000000   0.250000000  -0.250000000 ) 

    1    1
  0.23202425  0.00000000    0.02546699  0.00000000   -0.02546699  0.00000000
  0.02546699  0.00000000    0.23202425  0.00000000   -0.02546699  0.00000000
 -0.02546699  0.00000000   -0.02546699  0.00000000    0.23202425  0.00000000
    1    2
 -0.16507944  0.05851285    0.02947843  0.04603095   -0.02947843 -0.04603095
  0.02947843  0.04603095   -0.16507944  0.05851285   -0.02947843 -0.04603095
 -0.02947843 -0.04603095   -0.02947843 -0.04603095   -0.16507944  0.05851285
    2    1
 -0.16507944 -0.05851285    0.02947843 -0.04603095   -0.02947843  0.04603095
  0.02947843 -0.04603095   -0.16507944 -0.05851285   -0.02947843  0.04603095
 -0.02947843  0.04603095   -0.02947843  0.04603095   -0.16507944 -0.05851285
    2    2
  0.23107553  0.00000000    0.02113870  0.00000000   -0.02113870  0.00000000
  0.02113870  0.00000000    0.23107553  0.00000000   -0.02113870  0.00000000
 -0.02113870  0.00000000   -0.02113870  0.00000000    0.23107553  0.00000000

     Dynamical  Matrix in cartesian axes

     q = (    0.250000000   0.250000000   0.250000000 ) 

    1    1
  0.23202425  0.00000000    0.02546699  0.00000000    0.02546699  0.00000000
  0.02546699  0.00000000    0.23202425  0.00000000    0.02546699  0.00000000
  0.02546699  0.00000000    0.02546699  0.00000000    0.23202425  0.00000000
    1    2
 -0.05851285  0.16507944   -0.04603095 -0.02947843   -0.04603095 -0.02947843
 -0.04603095 -0.02947843   -0.05851285  0.16507944   -0.04603095 -0.02947843
 -0.04603095 -0.02947843   -0.04603095 -0.02947843   -0.05851285  0.16507944
    2    1
 -0.05851285 -0.16507944   -0.04603095  0.02947843   -0.04603095  0.02947843
 -0.04603095  0.02947843   -0.05851285 -0.16507944   -0.04603095  0.02947843
 -0.04603095  0.02947843   -0.04603095  0.02947843   -0.05851285 -0.16507944
    2    2
  0.23107553  0.00000000    0.02113870  0.00000000    0.02113870  0.00000000
  0.02113870  0.00000000    0.23107553  0.00000000    0.02113870  0.00000000
  0.02113870  0.00000000    0.02113870  0.00000000    0.23107553  0.00000000

     Dynamical  Matrix in cartesian axes

     q = (   -0.250000000  -0.250000000  -0.250000000 ) 

    1    1
  0.23202425  0.00000000    0.02546699  0.00000000    0.02546699  0.00000000
  0.02546699  0.00000000    0.23202425  0.00000000    0.02546699  0.00000000
  0.02546699  0.00000000    0.02546699  0.00000000    0.23202425  0.00000000
    1    2
 -0.05851285 -0.16507944   -0.04603095  0.02947843   -0.04603095  0.02947843
 -0.04603095  0.02947843   -0.05851285 -0.16507944   -0.04603095  0.02947843
 -0.04603095  0.02947843   -0.04603095  0.02947843   -0.05851285 -0.16507944
    2    1
 -0.05851285  0.16507944   -0.04603095 -0.02947843   -0.04603095 -0.02947843
 -0.04603095 -0.02947843   -0.05851285  0.16507944   -0.04603095 -0.02947843
 -0.04603095 -0.02947843   -0.04603095 -0.02947843   -0.05851285  0.16507944
    2    2
  0.23107553  0.00000000    0.02113870  0.00000000    0.02113870  0.00000000
  0.02113870  0.00000000    0.23107553  0.00000000    0.02113870  0.00000000
  0.02113870  0.00000000    0.02113870  0.00000000    0.23107553  0.00000000

     Diagonalizing the dynamical matrix

     q = (   -0.250000000   0.250000000  -0.250000000 ) 

 **************************************************************************
     freq (    1) =       1.756398 [THz] =      58.587120 [cm-1]
 (  0.202948  0.093966 -0.352994  0.058300 -0.555943 -0.035667 ) 
 (  0.213458  0.082682 -0.356744  0.082682 -0.570202  0.000000 ) 
     freq (    2) =       1.756398 [THz] =      58.587120 [cm-1]
 (  0.400214 -0.339689  0.277045 -0.347591 -0.123169 -0.007902 ) 
 (  0.386536 -0.373200  0.260208 -0.373200 -0.126328  0.000000 ) 
     freq (    3) =       4.534201 [THz] =     151.244666 [cm-1]
 (  0.204520  0.290189 -0.204520 -0.290189  0.204520  0.290189 ) 
 (  0.455297  0.000000 -0.455297 -0.000000  0.455297  0.000000 ) 
     freq (    4) =      11.004587 [THz] =     367.073518 [cm-1]
 ( -0.384318 -0.024656  0.384318  0.024656  0.768636  0.049312 ) 
 (  0.135494  0.000000 -0.135494 -0.000000 -0.270988  0.000000 ) 
     freq (    5) =      11.004587 [THz] =     367.073518 [cm-1]
 ( -0.666134 -0.034488 -0.666134 -0.034488  0.000000  0.000000 ) 
 (  0.234664 -0.002896  0.234664 -0.002896  0.000000  0.000000 ) 
     freq (    6) =      12.136899 [THz] =     404.843370 [cm-1]
 (  0.320217  0.454348 -0.320217 -0.454348  0.320217  0.454348 ) 
 ( -0.156084 -0.000000  0.156084  0.000000 -0.156084  0.000000 ) 
 **************************************************************************
