Dynamical matrix file
                                                                           
  1    2  2 10.2693000  0.0000000  0.0000000  0.0000000  0.0000000  0.0000000
           1  'Si  '    25593.354319074209     
    1    1      0.0000000000      0.0000000000      0.0000000000
    2    1      0.2500000000      0.2500000000      0.2500000000

     Dynamical  Matrix in cartesian axes

     q = (   -0.250000000   0.250000000  -0.250000000 ) 

    1    1
  0.27966254  0.00000000   -0.01293048  0.00000000    0.01293048  0.00000000
 -0.01293048  0.00000000    0.27966254  0.00000000   -0.01293048  0.00000000
  0.01293048  0.00000000   -0.01293048  0.00000000    0.27966254  0.00000000
    1    2
 -0.20472489 -0.05626244   -0.03736913  0.03459303    0.03736913 -0.03459303
 -0.03736913  0.03459303   -0.20472489 -0.05626244   -0.03736913  0.03459303
  0.03736913 -0.03459303   -0.03736913  0.03459303   -0.20472489 -0.05626244
    2    1
 -0.20472489  0.05626244   -0.03736913 -0.03459303    0.03736913  0.03459303
 -0.03736913 -0.03459303   -0.20472489  0.05626244   -0.03736913 -0.03459303
  0.03736913  0.03459303   -0.03736913 -0.03459303   -0.20472489  0.05626244
    2    2
  0.27975607  0.00000000   -0.01293026  0.00000000    0.01293026  0.00000000
 -0.01293026  0.00000000    0.27975607  0.00000000   -0.01293026  0.00000000
  0.01293026  0.00000000   -0.01293026  0.00000000    0.27975607  0.00000000

     Dynamical  Matrix in cartesian axes

     q = (    0.250000000  -0.250000000   0.250000000 ) 

    1    1
  0.27966254 -0.00000000   -0.01293048 -0.00000000    0.01293048 -0.00000000
 -0.01293048 -0.00000000    0.27966254 -0.00000000   -0.01293048 -0.00000000
  0.01293048 -0.00000000   -0.01293048 -0.00000000    0.27966254 -0.00000000
    1    2
 -0.20472489  0.05626244   -0.03736913 -0.03459303    0.03736913  0.03459303
 -0.03736913 -0.03459303   -0.20472489  0.05626244   -0.03736913 -0.03459303
  0.03736913  0.03459303   -0.03736913 -0.03459303   -0.20472489  0.05626244
    2    1
 -0.20472489 -0.05626244   -0.03736913  0.03459303    0.03736913 -0.03459303
 -0.03736913  0.03459303   -0.20472489 -0.05626244   -0.03736913  0.03459303
  0.03736913 -0.03459303   -0.03736913  0.03459303   -0.20472489 -0.05626244
    2    2
  0.27975607 -0.00000000   -0.01293026 -0.00000000    0.01293026 -0.00000000
 -0.01293026 -0.00000000    0.27975607 -0.00000000   -0.01293026 -0.00000000
  0.01293026 -0.00000000   -0.01293026 -0.00000000    0.27975607 -0.00000000

     Dynamical  Matrix in cartesian axes

     q = (    0.250000000  -0.250000000  -0.250000000 ) 

    1    1
  0.27966254  0.00000000   -0.01293048  0.00000000   -0.01293048  0.00000000
 -0.01293048  0.00000000    0.27966254  0.00000000    0.01293048  0.00000000
 -0.01293048  0.00000000    0.01293048  0.00000000    0.27966254  0.00000000
    1    2
 -0.20472489 -0.05626244   -0.03736913  0.03459303   -0.03736913  0.03459303
 -0.03736913  0.03459303   -0.20472489 -0.05626244    0.03736913 -0.03459303
 -0.03736913  0.03459303    0.03736913 -0.03459303   -0.20472489 -0.05626244
    2    1
 -0.20472489  0.05626244   -0.03736913 -0.03459303   -0.03736913 -0.03459303
 -0.03736913 -0.03459303   -0.20472489  0.05626244    0.03736913  0.03459303
 -0.03736913 -0.03459303    0.03736913  0.03459303   -0.20472489  0.05626244
    2    2
  0.27975607  0.00000000   -0.01293026  0.00000000   -0.01293026  0.00000000
 -0.01293026  0.00000000    0.27975607  0.00000000    0.01293026  0.00000000
 -0.01293026  0.00000000    0.01293026  0.00000000    0.27975607  0.00000000

     Dynamical  Matrix in cartesian axes

     q = (   -0.250000000   0.250000000   0.250000000 ) 

    1    1
  0.27966254 -0.00000000   -0.01293048 -0.00000000   -0.01293048 -0.00000000
 -0.01293048 -0.00000000    0.27966254 -0.00000000    0.01293048 -0.00000000
 -0.01293048 -0.00000000    0.01293048 -0.00000000    0.27966254 -0.00000000
    1    2
 -0.20472489  0.05626244   -0.03736913 -0.03459303   -0.03736913 -0.03459303
 -0.03736913 -0.03459303   -0.20472489  0.05626244    0.03736913  0.03459303
 -0.03736913 -0.03459303    0.03736913  0.03459303   -0.20472489  0.05626244
    2    1
 -0.20472489 -0.05626244   -0.03736913  0.03459303   -0.03736913  0.03459303
 -0.03736913  0.03459303   -0.20472489 -0.05626244    0.03736913 -0.03459303
 -0.03736913  0.03459303    0.03736913 -0.03459303   -0.20472489 -0.05626244
    2    2
  0.27975607 -0.00000000   -0.01293026 -0.00000000   -0.01293026 -0.00000000
 -0.01293026 -0.00000000    0.27975607 -0.00000000    0.01293026 -0.00000000
 -0.01293026 -0.00000000    0.01293026 -0.00000000    0.27975607 -0.00000000

     Dynamical  Matrix in cartesian axes

     q = (   -0.250000000  -0.250000000   0.250000000 ) 

    1    1
  0.27966254  0.00000000    0.01293048  0.00000000   -0.01293048  0.00000000
  0.01293048  0.00000000    0.27966254  0.00000000   -0.01293048  0.00000000
 -0.01293048  0.00000000   -0.01293048  0.00000000    0.27966254  0.00000000
    1    2
 -0.20472489 -0.05626244    0.03736913 -0.03459303   -0.03736913  0.03459303
  0.03736913 -0.03459303   -0.20472489 -0.05626244   -0.03736913  0.03459303
 -0.03736913  0.03459303   -0.03736913  0.03459303   -0.20472489 -0.05626244
    2    1
 -0.20472489  0.05626244    0.03736913  0.03459303   -0.03736913 -0.03459303
  0.03736913  0.03459303   -0.20472489  0.05626244   -0.03736913 -0.03459303
 -0.03736913 -0.03459303   -0.03736913 -0.03459303   -0.20472489  0.05626244
    2    2
  0.27975607  0.00000000    0.01293026  0.00000000   -0.01293026  0.00000000
  0.01293026  0.00000000    0.27975607  0.00000000   -0.01293026  0.00000000
 -0.01293026  0.00000000   -0.01293026  0.00000000    0.27975607  0.00000000

     Dynamical  Matrix in cartesian axes

     q = (    0.250000000   0.250000000  -0.250000000 ) 

    1    1
  0.27966254 -0.00000000    0.01293048 -0.00000000   -0.01293048 -0.00000000
  0.01293048 -0.00000000    0.27966254 -0.00000000   -0.01293048 -0.00000000
 -0.01293048 -0.00000000   -0.01293048 -0.00000000    0.27966254 -0.00000000
    1    2
 -0.20472489  0.05626244    0.03736913  0.03459303   -0.03736913 -0.03459303
  0.03736913  0.03459303   -0.20472489  0.05626244   -0.03736913 -0.03459303
 -0.03736913 -0.03459303   -0.03736913 -0.03459303   -0.20472489  0.05626244
    2    1
 -0.20472489 -0.05626244    0.03736913 -0.03459303   -0.03736913  0.03459303
  0.03736913 -0.03459303   -0.20472489 -0.05626244   -0.03736913  0.03459303
 -0.03736913  0.03459303   -0.03736913  0.03459303   -0.20472489 -0.05626244
    2    2
  0.27975607 -0.00000000    0.01293026 -0.00000000   -0.01293026 -0.00000000
  0.01293026 -0.00000000    0.27975607 -0.00000000   -0.01293026 -0.00000000
 -0.01293026 -0.00000000   -0.01293026 -0.00000000    0.27975607 -0.00000000

     Dynamical  Matrix in cartesian axes

     q = (    0.250000000   0.250000000   0.250000000 ) 

    1    1
  0.27966254  0.00000000    0.01293048  0.00000000    0.01293048  0.00000000
  0.01293048  0.00000000    0.27966254  0.00000000    0.01293048  0.00000000
  0.01293048  0.00000000    0.01293048  0.00000000    0.27966254  0.00000000
    1    2
 -0.05626244  0.20472489   -0.03459303 -0.03736913   -0.03459303 -0.03736913
 -0.03459303 -0.03736913   -0.05626244  0.20472489   -0.03459303 -0.03736913
 -0.03459303 -0.03736913   -0.03459303 -0.03736913   -0.05626244  0.20472489
    2    1
 -0.05626244 -0.20472489   -0.03459303  0.03736913   -0.03459303  0.03736913
 -0.03459303  0.03736913   -0.05626244 -0.20472489   -0.03459303  0.03736913
 -0.03459303  0.03736913   -0.03459303  0.03736913   -0.05626244 -0.20472489
    2    2
  0.27975607  0.00000000    0.01293026  0.00000000    0.01293026  0.00000000
  0.01293026  0.00000000    0.27975607  0.00000000    0.01293026  0.00000000
  0.01293026  0.00000000    0.01293026  0.00000000    0.27975607  0.00000000

     Dynamical  Matrix in cartesian axes

     q = (   -0.250000000  -0.250000000  -0.250000000 ) 

    1    1
  0.27966254 -0.00000000    0.01293048 -0.00000000    0.01293048 -0.00000000
  0.01293048 -0.00000000    0.27966254 -0.00000000    0.01293048 -0.00000000
  0.01293048 -0.00000000    0.01293048 -0.00000000    0.27966254 -0.00000000
    1    2
 -0.05626244 -0.20472489   -0.03459303  0.03736913   -0.03459303  0.03736913
 -0.03459303  0.03736913   -0.05626244 -0.20472489   -0.03459303  0.03736913
 -0.03459303  0.03736913   -0.03459303  0.03736913   -0.05626244 -0.20472489
    2    1
 -0.05626244  0.20472489   -0.03459303 -0.03736913   -0.03459303 -0.03736913
 -0.03459303 -0.03736913   -0.05626244  0.20472489   -0.03459303 -0.03736913
 -0.03459303 -0.03736913   -0.03459303 -0.03736913   -0.05626244  0.20472489
    2    2
  0.27975607 -0.00000000    0.01293026 -0.00000000    0.01293026 -0.00000000
  0.01293026 -0.00000000    0.27975607 -0.00000000    0.01293026 -0.00000000
  0.01293026 -0.00000000    0.01293026 -0.00000000    0.27975607 -0.00000000

     Diagonalizing the dynamical matrix

     q = (   -0.250000000   0.250000000  -0.250000000 ) 

 **************************************************************************
     omega( 1) =       3.166955 [THz] =     105.638246 [cm-1]
 (  0.401362  0.010841 -0.155920 -0.039040 -0.557282 -0.049881 ) 
 (  0.400653 -0.024980 -0.158749 -0.024980 -0.559403  0.000000 ) 
     omega( 2) =       3.166955 [THz] =     105.638246 [cm-1]
 ( -0.410348  0.061666 -0.552419  0.048949 -0.142070 -0.012716 ) 
 ( -0.403139  0.097984 -0.545750  0.097984 -0.142611 -0.000000 ) 
     omega( 3) =       7.268256 [THz] =     242.442931 [cm-1]
 ( -0.293795 -0.283538  0.293795  0.283538 -0.293795 -0.283538 ) 
 ( -0.408196  0.000000  0.408196 -0.000000 -0.408196  0.000000 ) 
     omega( 4) =      14.339274 [THz] =     478.306691 [cm-1]
 ( -0.293720 -0.283465  0.293720  0.283465 -0.293720 -0.283465 ) 
 (  0.408301  0.000000 -0.408301  0.000000  0.408301  0.000000 ) 
     omega( 5) =      14.683471 [THz] =     489.787874 [cm-1]
 ( -0.411593  0.185131 -0.505987  0.176681 -0.094394 -0.008449 ) 
 (  0.393525 -0.221130  0.488315 -0.221130  0.094790  0.000000 ) 
     omega( 6) =      14.683471 [THz] =     489.787874 [cm-1]
 (  0.359951 -0.004723 -0.207244 -0.055491 -0.567195 -0.050769 ) 
 ( -0.358165  0.036801  0.211407  0.036801  0.569572  0.000000 ) 
 **************************************************************************
