Dynamical matrix file
                                                                           
  1    2  2 10.2693000  0.0000000  0.0000000  0.0000000  0.0000000  0.0000000
           1  'Si  '    25593.354319074209     
    1    1      0.0000000000      0.0000000000      0.0000000000
    2    1      0.2500000000      0.2500000000      0.2500000000

     Dynamical  Matrix in cartesian axes

     q = (    0.500000000   0.000000000   0.500000000 ) 

    1    1
  0.27140008  0.00000000   -0.00000000  0.00707081    0.01362300  0.00000000
  0.00000000 -0.00707081    0.28753237  0.00000000   -0.00000000 -0.00707081
  0.01362300  0.00000000   -0.00000000  0.00707081    0.27140008  0.00000000
    1    2
 -0.00000000  0.11774368   -0.08282748 -0.00000000   -0.00000000 -0.07570579
 -0.08282465 -0.00000000   -0.00000000  0.13436283   -0.08282465  0.00000000
  0.00000000 -0.07570579   -0.08282748 -0.00000000   -0.00000000  0.11774368
    2    1
  0.00000000 -0.11774368   -0.08282465 -0.00000000    0.00000000  0.07570579
 -0.08282748 -0.00000000   -0.00000000 -0.13436283   -0.08282748  0.00000000
  0.00000000  0.07570579   -0.08282465 -0.00000000    0.00000000 -0.11774368
    2    2
  0.27144778  0.00000000    0.00000000 -0.00708979    0.01357713  0.00000000
  0.00000000  0.00708979    0.28761059  0.00000000    0.00000000  0.00708979
  0.01357713  0.00000000    0.00000000 -0.00708979    0.27144778  0.00000000

     Dynamical  Matrix in cartesian axes

     q = (   -0.500000000   0.000000000  -0.500000000 ) 

    1    1
  0.27140008  0.00000000   -0.00000000 -0.00707081    0.01362300  0.00000000
  0.00000000  0.00707081    0.28753237  0.00000000   -0.00000000  0.00707081
  0.01362300  0.00000000   -0.00000000 -0.00707081    0.27140008  0.00000000
    1    2
 -0.00000000 -0.11774368   -0.08282748 -0.00000000   -0.00000000  0.07570579
 -0.08282465 -0.00000000   -0.00000000 -0.13436283   -0.08282465 -0.00000000
  0.00000000  0.07570579   -0.08282748 -0.00000000   -0.00000000 -0.11774368
    2    1
 -0.00000000  0.11774368   -0.08282465  0.00000000   -0.00000000 -0.07570579
 -0.08282748  0.00000000   -0.00000000  0.13436283   -0.08282748 -0.00000000
  0.00000000 -0.07570579   -0.08282465  0.00000000   -0.00000000  0.11774368
    2    2
  0.27144778  0.00000000    0.00000000  0.00708979    0.01357713  0.00000000
  0.00000000 -0.00708979    0.28761059  0.00000000    0.00000000 -0.00708979
  0.01357713  0.00000000    0.00000000  0.00708979    0.27144778  0.00000000

     Dynamical  Matrix in cartesian axes

     q = (    0.000000000  -0.500000000   0.500000000 ) 

    1    1
  0.28753237  0.00000000    0.00000000 -0.00707081    0.00000000  0.00707081
  0.00000000  0.00707081    0.27140008  0.00000000   -0.01362300  0.00000000
  0.00000000 -0.00707081   -0.01362300  0.00000000    0.27140008  0.00000000
    1    2
 -0.13436283  0.00000000    0.00000000 -0.08282465   -0.00000000  0.08282465
  0.00000000 -0.08282748   -0.11774368  0.00000000   -0.07570579 -0.00000000
 -0.00000000  0.08282748   -0.07570579 -0.00000000   -0.11774368  0.00000000
    2    1
 -0.13436283 -0.00000000   -0.00000000  0.08282748    0.00000000 -0.08282748
 -0.00000000  0.08282465   -0.11774368 -0.00000000   -0.07570579  0.00000000
  0.00000000 -0.08282465   -0.07570579  0.00000000   -0.11774368 -0.00000000
    2    2
  0.28761059  0.00000000    0.00000000  0.00708979    0.00000000 -0.00708979
  0.00000000 -0.00708979    0.27144778  0.00000000   -0.01357713  0.00000000
  0.00000000  0.00708979   -0.01357713  0.00000000    0.27144778  0.00000000

     Dynamical  Matrix in cartesian axes

     q = (   -0.500000000   0.000000000   0.500000000 ) 

    1    1
  0.27140008  0.00000000   -0.00000000  0.00707081   -0.01362300  0.00000000
  0.00000000 -0.00707081    0.28753237  0.00000000   -0.00000000  0.00707081
 -0.01362300  0.00000000   -0.00000000 -0.00707081    0.27140008  0.00000000
    1    2
 -0.11774368  0.00000000    0.00000000 -0.08282748   -0.07570579 -0.00000000
  0.00000000 -0.08282465   -0.13436283  0.00000000   -0.00000000  0.08282465
 -0.07570579 -0.00000000   -0.00000000  0.08282748   -0.11774368  0.00000000
    2    1
 -0.11774368 -0.00000000   -0.00000000  0.08282465   -0.07570579  0.00000000
 -0.00000000  0.08282748   -0.13436283  0.00000000    0.00000000 -0.08282748
 -0.07570579  0.00000000   -0.00000000 -0.08282465   -0.11774368 -0.00000000
    2    2
  0.27144778  0.00000000    0.00000000 -0.00708979   -0.01357713  0.00000000
  0.00000000  0.00708979    0.28761059  0.00000000   -0.00000000 -0.00708979
 -0.01357713  0.00000000   -0.00000000  0.00708979    0.27144778  0.00000000

     Dynamical  Matrix in cartesian axes

     q = (    0.500000000   0.000000000  -0.500000000 ) 

    1    1
  0.27140008  0.00000000   -0.00000000 -0.00707081   -0.01362300  0.00000000
  0.00000000  0.00707081    0.28753237  0.00000000   -0.00000000 -0.00707081
 -0.01362300  0.00000000   -0.00000000  0.00707081    0.27140008  0.00000000
    1    2
 -0.11774368  0.00000000   -0.00000000  0.08282748   -0.07570579 -0.00000000
 -0.00000000  0.08282465   -0.13436283 -0.00000000    0.00000000 -0.08282465
 -0.07570579 -0.00000000    0.00000000 -0.08282748   -0.11774368  0.00000000
    2    1
 -0.11774368 -0.00000000   -0.00000000 -0.08282465   -0.07570579  0.00000000
 -0.00000000 -0.08282748   -0.13436283 -0.00000000    0.00000000  0.08282748
 -0.07570579  0.00000000   -0.00000000  0.08282465   -0.11774368 -0.00000000
    2    2
  0.27144778  0.00000000    0.00000000  0.00708979   -0.01357713  0.00000000
  0.00000000 -0.00708979    0.28761059  0.00000000    0.00000000  0.00708979
 -0.01357713  0.00000000    0.00000000 -0.00708979    0.27144778  0.00000000

     Dynamical  Matrix in cartesian axes

     q = (    0.500000000   0.500000000   0.000000000 ) 

    1    1
  0.27140008  0.00000000    0.01362300  0.00000000    0.00000000  0.00707081
  0.01362300  0.00000000    0.27140008  0.00000000    0.00000000  0.00707081
 -0.00000000 -0.00707081    0.00000000 -0.00707081    0.28753237  0.00000000
    1    2
 -0.00000000  0.11774368   -0.00000000 -0.07570579   -0.08282748 -0.00000000
  0.00000000 -0.07570579   -0.00000000  0.11774368   -0.08282748 -0.00000000
 -0.08282465 -0.00000000   -0.08282465 -0.00000000   -0.00000000  0.13436283
    2    1
  0.00000000 -0.11774368    0.00000000  0.07570579   -0.08282465  0.00000000
  0.00000000  0.07570579   -0.00000000 -0.11774368   -0.08282465  0.00000000
 -0.08282748  0.00000000   -0.08282748 -0.00000000   -0.00000000 -0.13436283
    2    2
  0.27144778  0.00000000    0.01357713  0.00000000    0.00000000 -0.00708979
  0.01357713  0.00000000    0.27144778  0.00000000    0.00000000 -0.00708979
  0.00000000  0.00708979    0.00000000  0.00708979    0.28761059  0.00000000

     Dynamical  Matrix in cartesian axes

     q = (   -0.500000000  -0.500000000   0.000000000 ) 

    1    1
  0.27140008  0.00000000    0.01362300  0.00000000    0.00000000 -0.00707081
  0.01362300  0.00000000    0.27140008  0.00000000    0.00000000 -0.00707081
 -0.00000000  0.00707081    0.00000000  0.00707081    0.28753237  0.00000000
    1    2
 -0.00000000 -0.11774368   -0.00000000  0.07570579   -0.08282748 -0.00000000
  0.00000000  0.07570579   -0.00000000 -0.11774368   -0.08282748 -0.00000000
 -0.08282465 -0.00000000   -0.08282465 -0.00000000   -0.00000000 -0.13436283
    2    1
 -0.00000000  0.11774368   -0.00000000 -0.07570579   -0.08282465 -0.00000000
  0.00000000 -0.07570579   -0.00000000  0.11774368   -0.08282465 -0.00000000
 -0.08282748 -0.00000000   -0.08282748  0.00000000   -0.00000000  0.13436283
    2    2
  0.27144778  0.00000000    0.01357713  0.00000000    0.00000000  0.00708979
  0.01357713  0.00000000    0.27144778  0.00000000    0.00000000  0.00708979
  0.00000000 -0.00708979    0.00000000 -0.00708979    0.28761059  0.00000000

     Dynamical  Matrix in cartesian axes

     q = (   -0.500000000   0.500000000   0.000000000 ) 

    1    1
  0.27140008  0.00000000   -0.01362300  0.00000000    0.00000000  0.00707081
 -0.01362300  0.00000000    0.27140008  0.00000000    0.00000000 -0.00707081
 -0.00000000 -0.00707081    0.00000000  0.00707081    0.28753237  0.00000000
    1    2
 -0.11774368  0.00000000   -0.07570579  0.00000000    0.00000000 -0.08282748
 -0.07570579 -0.00000000   -0.11774368  0.00000000   -0.00000000  0.08282748
  0.00000000 -0.08282465   -0.00000000  0.08282465   -0.13436283  0.00000000
    2    1
 -0.11774368 -0.00000000   -0.07570579  0.00000000    0.00000000  0.08282465
 -0.07570579  0.00000000   -0.11774368 -0.00000000    0.00000000 -0.08282465
  0.00000000  0.08282748    0.00000000 -0.08282748   -0.13436283  0.00000000
    2    2
  0.27144778  0.00000000   -0.01357713  0.00000000    0.00000000 -0.00708979
 -0.01357713  0.00000000    0.27144778  0.00000000   -0.00000000  0.00708979
  0.00000000  0.00708979   -0.00000000 -0.00708979    0.28761059  0.00000000

     Dynamical  Matrix in cartesian axes

     q = (    0.000000000   0.500000000   0.500000000 ) 

    1    1
  0.28753237  0.00000000    0.00000000 -0.00707081    0.00000000 -0.00707081
  0.00000000  0.00707081    0.27140008  0.00000000    0.01362300  0.00000000
  0.00000000  0.00707081    0.01362300  0.00000000    0.27140008  0.00000000
    1    2
 -0.00000000  0.13436283   -0.08282465 -0.00000000   -0.08282465 -0.00000000
 -0.08282748 -0.00000000   -0.00000000  0.11774368   -0.00000000 -0.07570579
 -0.08282748 -0.00000000   -0.00000000 -0.07570579    0.00000000  0.11774368
    2    1
  0.00000000 -0.13436283   -0.08282748 -0.00000000   -0.08282748  0.00000000
 -0.08282465 -0.00000000   -0.00000000 -0.11774368    0.00000000  0.07570579
 -0.08282465  0.00000000    0.00000000  0.07570579    0.00000000 -0.11774368
    2    2
  0.28761059  0.00000000    0.00000000  0.00708979    0.00000000  0.00708979
  0.00000000 -0.00708979    0.27144778  0.00000000    0.01357713  0.00000000
  0.00000000 -0.00708979    0.01357713  0.00000000    0.27144778  0.00000000

     Dynamical  Matrix in cartesian axes

     q = (    0.000000000   0.500000000  -0.500000000 ) 

    1    1
  0.28753237  0.00000000    0.00000000  0.00707081    0.00000000 -0.00707081
  0.00000000 -0.00707081    0.27140008  0.00000000   -0.01362300  0.00000000
  0.00000000  0.00707081   -0.01362300  0.00000000    0.27140008  0.00000000
    1    2
 -0.13436283  0.00000000   -0.00000000  0.08282465    0.00000000 -0.08282465
 -0.00000000  0.08282748   -0.11774368  0.00000000   -0.07570579 -0.00000000
  0.00000000 -0.08282748   -0.07570579 -0.00000000   -0.11774368  0.00000000
    2    1
 -0.13436283 -0.00000000   -0.00000000 -0.08282748    0.00000000  0.08282748
 -0.00000000 -0.08282465   -0.11774368 -0.00000000   -0.07570579  0.00000000
  0.00000000  0.08282465   -0.07570579  0.00000000   -0.11774368 -0.00000000
    2    2
  0.28761059  0.00000000    0.00000000 -0.00708979    0.00000000  0.00708979
  0.00000000  0.00708979    0.27144778  0.00000000   -0.01357713  0.00000000
  0.00000000 -0.00708979   -0.01357713  0.00000000    0.27144778  0.00000000

     Dynamical  Matrix in cartesian axes

     q = (    0.000000000  -0.500000000  -0.500000000 ) 

    1    1
  0.28753237  0.00000000    0.00000000  0.00707081    0.00000000  0.00707081
  0.00000000 -0.00707081    0.27140008  0.00000000    0.01362300  0.00000000
  0.00000000 -0.00707081    0.01362300  0.00000000    0.27140008  0.00000000
    1    2
 -0.00000000 -0.13436283   -0.08282465 -0.00000000   -0.08282465 -0.00000000
 -0.08282748 -0.00000000   -0.00000000 -0.11774368   -0.00000000  0.07570579
 -0.08282748 -0.00000000   -0.00000000  0.07570579    0.00000000 -0.11774368
    2    1
 -0.00000000  0.13436283   -0.08282748  0.00000000   -0.08282748 -0.00000000
 -0.08282465  0.00000000   -0.00000000  0.11774368    0.00000000 -0.07570579
 -0.08282465 -0.00000000    0.00000000 -0.07570579   -0.00000000  0.11774368
    2    2
  0.28761059  0.00000000    0.00000000 -0.00708979    0.00000000 -0.00708979
  0.00000000  0.00708979    0.27144778  0.00000000    0.01357713  0.00000000
  0.00000000  0.00708979    0.01357713  0.00000000    0.27144778  0.00000000

     Dynamical  Matrix in cartesian axes

     q = (    0.500000000  -0.500000000   0.000000000 ) 

    1    1
  0.27140008  0.00000000   -0.01362300  0.00000000    0.00000000 -0.00707081
 -0.01362300  0.00000000    0.27140008  0.00000000    0.00000000  0.00707081
 -0.00000000  0.00707081    0.00000000 -0.00707081    0.28753237  0.00000000
    1    2
 -0.11774368  0.00000000   -0.07570579  0.00000000   -0.00000000  0.08282748
 -0.07570579 -0.00000000   -0.11774368  0.00000000    0.00000000 -0.08282748
 -0.00000000  0.08282465    0.00000000 -0.08282465   -0.13436283  0.00000000
    2    1
 -0.11774368 -0.00000000   -0.07570579  0.00000000    0.00000000 -0.08282465
 -0.07570579  0.00000000   -0.11774368 -0.00000000    0.00000000  0.08282465
  0.00000000 -0.08282748    0.00000000  0.08282748   -0.13436283 -0.00000000
    2    2
  0.27144778  0.00000000   -0.01357713  0.00000000    0.00000000  0.00708979
 -0.01357713  0.00000000    0.27144778  0.00000000    0.00000000 -0.00708979
  0.00000000 -0.00708979    0.00000000  0.00708979    0.28761059  0.00000000

     Diagonalizing the dynamical matrix

     q = (    0.500000000   0.000000000   0.500000000 ) 

 **************************************************************************
     omega( 1) =       5.217567 [THz] =     174.039286 [cm-1]
 ( -0.000000  0.500060 -0.000000 -0.000000  0.000000 -0.500060 ) 
 ( -0.499940 -0.000000  0.000000 -0.000000  0.499940  0.000000 ) 
     omega( 2) =       6.573533 [THz] =     219.269445 [cm-1]
 ( -0.000000  0.215015  0.638474  0.000000 -0.000000  0.215015 ) 
 (  0.215033 -0.000000 -0.000000  0.638286  0.215033  0.000000 ) 
     omega( 3) =       8.651314 [THz] =     288.576780 [cm-1]
 ( -0.000000  0.443788 -0.325717  0.000000 -0.000000  0.443788 ) 
 ( -0.443764 -0.000000 -0.000000  0.325823 -0.443764  0.000000 ) 
     omega( 4) =      12.644688 [THz] =     421.781403 [cm-1]
 ( -0.000000  0.451390 -0.304142 -0.000000 -0.000000  0.451390 ) 
 (  0.451416  0.000000 -0.000000 -0.304038  0.451416  0.000000 ) 
     omega( 5) =      13.814376 [THz] =     460.797977 [cm-1]
 (  0.000000 -0.499940  0.000000  0.000000 -0.000000  0.499940 ) 
 ( -0.500060 -0.000000  0.000000 -0.000000  0.500060  0.000000 ) 
     omega( 6) =      14.364540 [THz] =     479.149481 [cm-1]
 ( -0.000000 -0.230365 -0.627500 -0.000000  0.000000 -0.230365 ) 
 (  0.230343  0.000000 -0.000000  0.627687  0.230343  0.000000 ) 
 **************************************************************************
